-2,-67,cL2lhKeE8RPALD7ktkX1PZCrvfI=,SvVSfmAMmCnaxVLQphltPxAuGEI=
-3,-66,cL2lhKeE8RPALD7ktkX1PZCrvfI=,SvVSfmAMmCnaxVLQphltPxAuGEI=
-5,-65,cL2lhKeE8RPALD7ktkX1PZCrvfI=,SvVSfmAMmCnaxVLQphltPxAuGEI=
-5,-66,cL2lhKeE8RPALD7ktkX1PZCrvfI=,SvVSfmAMmCnaxVLQphltPxAuGEI=
-4,-66,cL2lhKeE8RPALD7ktkX1PZCrvfI=,SvVSfmAMmCnaxVLQphltPxAuGEI=
-6,-65,cL2lhKeE8RPALD7ktkX1PZCrvfI=,SvVSfmAMmCnaxVLQphltPxAuGEI=
-3,-67,cL2lhKeE8RPALD7ktkX1PZCrvfI=,SvVSfmAMmCnaxVLQphltPxAuGEI=
-7,-65,cL2lhKeE8RPALD7ktkX1PZCrvfI=,SvVSfmAMmCnaxVLQphltPxAuGEI=
-6,-66,cL2lhKeE8RPALD7ktkX1PZCrvfI=,SvVSfmAMmCnaxVLQphltPxAuGEI=
-7,-69,cL2lhKeE8RPALD7ktkX1PZCrvfI=,SvVSfmAMmCnaxVLQphltPxAuGEI=
-2,-69,cL2lhKeE8RPALD7ktkX1PZCrvfI=,SvVSfmAMmCnaxVLQphltPxAuGEI=
-4,-67,cL2lhKeE8RPALD7ktkX1PZCrvfI=,SvVSfmAMmCnaxVLQphltPxAuGEI=
-3,-69,cL2lhKeE8RPALD7ktkX1PZCrvfI=,SvVSfmAMmCnaxVLQphltPxAuGEI=
-5,-67,cL2lhKeE8RPALD7ktkX1PZCrvfI=,SvVSfmAMmCnaxVLQphltPxAuGEI=
-2,-68,cL2lhKeE8RPALD7ktkX1PZCrvfI=,SvVSfmAMmCnaxVLQphltPxAuGEI=
-4,-69,cL2lhKeE8RPALD7ktkX1PZCrvfI=,SvVSfmAMmCnaxVLQphltPxAuGEI=
-6,-72,cL2lhKeE8RPALD7ktkX1PZCrvfI=,SvVSfmAMmCnaxVLQphltPxAuGEI=
-2,-66,cL2lhKeE8RPALD7ktkX1PZCrvfI=,SvVSfmAMmCnaxVLQphltPxAuGEI=
-3,-68,HFY9BMMoPi6jEnkB6bqPw452eRw=,SvVSfmAMmCnaxVLQphltPxAuGEI=
-2,-70,HFY9BMMoPi6jEnkB6bqPw452eRw=,SvVSfmAMmCnaxVLQphltPxAuGEI=
-4,-68,HFY9BMMoPi6jEnkB6bqPw452eRw=,SvVSfmAMmCnaxVLQphltPxAuGEI=
-3,-70,HFY9BMMoPi6jEnkB6bqPw452eRw=,SvVSfmAMmCnaxVLQphltPxAuGEI=
-6,-67,HFY9BMMoPi6jEnkB6bqPw452eRw=,SvVSfmAMmCnaxVLQphltPxAuGEI=
-5,-68,HFY9BMMoPi6jEnkB6bqPw452eRw=,SvVSfmAMmCnaxVLQphltPxAuGEI=
-4,-70,HFY9BMMoPi6jEnkB6bqPw452eRw=,SvVSfmAMmCnaxVLQphltPxAuGEI=
-6,-68,HFY9BMMoPi6jEnkB6bqPw452eRw=,SvVSfmAMmCnaxVLQphltPxAuGEI=
-7,-67,HFY9BMMoPi6jEnkB6bqPw452eRw=,SvVSfmAMmCnaxVLQphltPxAuGEI=
-5,-69,HFY9BMMoPi6jEnkB6bqPw452eRw=,SvVSfmAMmCnaxVLQphltPxAuGEI=
-5,-72,HFY9BMMoPi6jEnkB6bqPw452eRw=,SvVSfmAMmCnaxVLQphltPxAuGEI=
-7,-68,a13T4ztgI6nKdKoScIjuFZU7RuQ=,SvVSfmAMmCnaxVLQphltPxAuGEI=
-5,-71,4mWj7OR7Roeblvi9OjkD5hP2HxA=,SvVSfmAMmCnaxVLQphltPxAuGEI=
-6,-71,tIIxhhOI8xREqoblIZCPUCMeyqs=,SvVSfmAMmCnaxVLQphltPxAuGEI=
-7,-71,tIIxhhOI8xREqoblIZCPUCMeyqs=,SvVSfmAMmCnaxVLQphltPxAuGEI=
-7,-70,tIIxhhOI8xREqoblIZCPUCMeyqs=,SvVSfmAMmCnaxVLQphltPxAuGEI=
-2,-72,tIIxhhOI8xREqoblIZCPUCMeyqs=,SvVSfmAMmCnaxVLQphltPxAuGEI=
-3,-72,tIIxhhOI8xREqoblIZCPUCMeyqs=,SvVSfmAMmCnaxVLQphltPxAuGEI=
-7,-72,tIIxhhOI8xREqoblIZCPUCMeyqs=,SvVSfmAMmCnaxVLQphltPxAuGEI=
-5,-70,tIIxhhOI8xREqoblIZCPUCMeyqs=,SvVSfmAMmCnaxVLQphltPxAuGEI=
-2,-71,tIIxhhOI8xREqoblIZCPUCMeyqs=,SvVSfmAMmCnaxVLQphltPxAuGEI=
-6,-70,tIIxhhOI8xREqoblIZCPUCMeyqs=,SvVSfmAMmCnaxVLQphltPxAuGEI=
-3,-71,tIIxhhOI8xREqoblIZCPUCMeyqs=,SvVSfmAMmCnaxVLQphltPxAuGEI=
-4,-71,tIIxhhOI8xREqoblIZCPUCMeyqs=,SvVSfmAMmCnaxVLQphltPxAuGEI=
-7,-66,tIIxhhOI8xREqoblIZCPUCMeyqs=,SvVSfmAMmCnaxVLQphltPxAuGEI=
-4,-72,tIIxhhOI8xREqoblIZCPUCMeyqs=,SvVSfmAMmCnaxVLQphltPxAuGEI=
-2,-65,tIIxhhOI8xREqoblIZCPUCMeyqs=,SvVSfmAMmCnaxVLQphltPxAuGEI=
-3,-65,tIIxhhOI8xREqoblIZCPUCMeyqs=,SvVSfmAMmCnaxVLQphltPxAuGEI=
-6,-69,tIIxhhOI8xREqoblIZCPUCMeyqs=,SvVSfmAMmCnaxVLQphltPxAuGEI=
-4,-65,tIIxhhOI8xREqoblIZCPUCMeyqs=,SvVSfmAMmCnaxVLQphltPxAuGEI=
-1,-67,tIIxhhOI8xREqoblIZCPUCMeyqs=,SvVSfmAMmCnaxVLQphltPxAuGEI=
-1,-71,tIIxhhOI8xREqoblIZCPUCMeyqs=,SvVSfmAMmCnaxVLQphltPxAuGEI=
-1,-70,tIIxhhOI8xREqoblIZCPUCMeyqs=,SvVSfmAMmCnaxVLQphltPxAuGEI=
-1,-66,tIIxhhOI8xREqoblIZCPUCMeyqs=,SvVSfmAMmCnaxVLQphltPxAuGEI=
-1,-68,tIIxhhOI8xREqoblIZCPUCMeyqs=,SvVSfmAMmCnaxVLQphltPxAuGEI=
-1,-69,tIIxhhOI8xREqoblIZCPUCMeyqs=,SvVSfmAMmCnaxVLQphltPxAuGEI=
-16,-79,tIIxhhOI8xREqoblIZCPUCMeyqs=,Hw/UYHTrh7orIHy7ibr/ClabIdw=
-15,-79,tIIxhhOI8xREqoblIZCPUCMeyqs=,Hw/UYHTrh7orIHy7ibr/ClabIdw=
-14,-79,tIIxhhOI8xREqoblIZCPUCMeyqs=,Hw/UYHTrh7orIHy7ibr/ClabIdw=
-13,-79,tIIxhhOI8xREqoblIZCPUCMeyqs=,Hw/UYHTrh7orIHy7ibr/ClabIdw=
-12,-79,tIIxhhOI8xREqoblIZCPUCMeyqs=,Hw/UYHTrh7orIHy7ibr/ClabIdw=
-11,-79,tIIxhhOI8xREqoblIZCPUCMeyqs=,Hw/UYHTrh7orIHy7ibr/ClabIdw=
-10,-79,tIIxhhOI8xREqoblIZCPUCMeyqs=,Hw/UYHTrh7orIHy7ibr/ClabIdw=
-9,-79,tIIxhhOI8xREqoblIZCPUCMeyqs=,Hw/UYHTrh7orIHy7ibr/ClabIdw=
-16,-78,tIIxhhOI8xREqoblIZCPUCMeyqs=,Hw/UYHTrh7orIHy7ibr/ClabIdw=
-15,-78,tIIxhhOI8xREqoblIZCPUCMeyqs=,Hw/UYHTrh7orIHy7ibr/ClabIdw=
-14,-78,tIIxhhOI8xREqoblIZCPUCMeyqs=,Hw/UYHTrh7orIHy7ibr/ClabIdw=
-13,-78,tIIxhhOI8xREqoblIZCPUCMeyqs=,Hw/UYHTrh7orIHy7ibr/ClabIdw=
-12,-78,tIIxhhOI8xREqoblIZCPUCMeyqs=,Hw/UYHTrh7orIHy7ibr/ClabIdw=
-11,-78,tIIxhhOI8xREqoblIZCPUCMeyqs=,Hw/UYHTrh7orIHy7ibr/ClabIdw=
-10,-78,tIIxhhOI8xREqoblIZCPUCMeyqs=,Hw/UYHTrh7orIHy7ibr/ClabIdw=
-9,-78,tIIxhhOI8xREqoblIZCPUCMeyqs=,Hw/UYHTrh7orIHy7ibr/ClabIdw=
-16,-77,tIIxhhOI8xREqoblIZCPUCMeyqs=,Hw/UYHTrh7orIHy7ibr/ClabIdw=
-15,-77,tIIxhhOI8xREqoblIZCPUCMeyqs=,Hw/UYHTrh7orIHy7ibr/ClabIdw=
-14,-77,tIIxhhOI8xREqoblIZCPUCMeyqs=,Hw/UYHTrh7orIHy7ibr/ClabIdw=
-13,-77,tIIxhhOI8xREqoblIZCPUCMeyqs=,Hw/UYHTrh7orIHy7ibr/ClabIdw=
-12,-77,tIIxhhOI8xREqoblIZCPUCMeyqs=,Hw/UYHTrh7orIHy7ibr/ClabIdw=
-11,-77,tIIxhhOI8xREqoblIZCPUCMeyqs=,Hw/UYHTrh7orIHy7ibr/ClabIdw=
-10,-77,tIIxhhOI8xREqoblIZCPUCMeyqs=,Hw/UYHTrh7orIHy7ibr/ClabIdw=
-9,-77,tIIxhhOI8xREqoblIZCPUCMeyqs=,Hw/UYHTrh7orIHy7ibr/ClabIdw=
-16,-76,tIIxhhOI8xREqoblIZCPUCMeyqs=,Hw/UYHTrh7orIHy7ibr/ClabIdw=
-9,-74,tIIxhhOI8xREqoblIZCPUCMeyqs=,Hw/UYHTrh7orIHy7ibr/ClabIdw=
-10,-74,tIIxhhOI8xREqoblIZCPUCMeyqs=,Hw/UYHTrh7orIHy7ibr/ClabIdw=
-15,-76,tIIxhhOI8xREqoblIZCPUCMeyqs=,Hw/UYHTrh7orIHy7ibr/ClabIdw=
-14,-76,tIIxhhOI8xREqoblIZCPUCMeyqs=,Hw/UYHTrh7orIHy7ibr/ClabIdw=
-13,-76,tIIxhhOI8xREqoblIZCPUCMeyqs=,Hw/UYHTrh7orIHy7ibr/ClabIdw=
-12,-76,tIIxhhOI8xREqoblIZCPUCMeyqs=,Hw/UYHTrh7orIHy7ibr/ClabIdw=
-11,-76,tIIxhhOI8xREqoblIZCPUCMeyqs=,Hw/UYHTrh7orIHy7ibr/ClabIdw=
-10,-76,tIIxhhOI8xREqoblIZCPUCMeyqs=,Hw/UYHTrh7orIHy7ibr/ClabIdw=
-9,-76,tIIxhhOI8xREqoblIZCPUCMeyqs=,Hw/UYHTrh7orIHy7ibr/ClabIdw=
-16,-75,tIIxhhOI8xREqoblIZCPUCMeyqs=,Hw/UYHTrh7orIHy7ibr/ClabIdw=
-15,-75,tIIxhhOI8xREqoblIZCPUCMeyqs=,Hw/UYHTrh7orIHy7ibr/ClabIdw=
-11,-74,tIIxhhOI8xREqoblIZCPUCMeyqs=,Hw/UYHTrh7orIHy7ibr/ClabIdw=
-14,-75,tIIxhhOI8xREqoblIZCPUCMeyqs=,Hw/UYHTrh7orIHy7ibr/ClabIdw=
-13,-74,tIIxhhOI8xREqoblIZCPUCMeyqs=,Hw/UYHTrh7orIHy7ibr/ClabIdw=
-12,-74,tIIxhhOI8xREqoblIZCPUCMeyqs=,Hw/UYHTrh7orIHy7ibr/ClabIdw=
-13,-75,tIIxhhOI8xREqoblIZCPUCMeyqs=,Hw/UYHTrh7orIHy7ibr/ClabIdw=
-14,-74,tIIxhhOI8xREqoblIZCPUCMeyqs=,Hw/UYHTrh7orIHy7ibr/ClabIdw=
-12,-75,tIIxhhOI8xREqoblIZCPUCMeyqs=,Hw/UYHTrh7orIHy7ibr/ClabIdw=
-15,-74,tIIxhhOI8xREqoblIZCPUCMeyqs=,Hw/UYHTrh7orIHy7ibr/ClabIdw=
-11,-75,tIIxhhOI8xREqoblIZCPUCMeyqs=,Hw/UYHTrh7orIHy7ibr/ClabIdw=
-10,-75,tIIxhhOI8xREqoblIZCPUCMeyqs=,Hw/UYHTrh7orIHy7ibr/ClabIdw=
-9,-75,tIIxhhOI8xREqoblIZCPUCMeyqs=,Hw/UYHTrh7orIHy7ibr/ClabIdw=
-16,-74,tIIxhhOI8xREqoblIZCPUCMeyqs=,Hw/UYHTrh7orIHy7ibr/ClabIdw=
-8,-66,tIIxhhOI8xREqoblIZCPUCMeyqs=,SvVSfmAMmCnaxVLQphltPxAuGEI=
-12,-67,tIIxhhOI8xREqoblIZCPUCMeyqs=,Z7lBG51WxyNdl7pQ0G/rK1by9Ik=
-13,-67,tIIxhhOI8xREqoblIZCPUCMeyqs=,Z7lBG51WxyNdl7pQ0G/rK1by9Ik=
-13,-73,tIIxhhOI8xREqoblIZCPUCMeyqs=,Hw/UYHTrh7orIHy7ibr/ClabIdw=
-14,-67,tIIxhhOI8xREqoblIZCPUCMeyqs=,Z7lBG51WxyNdl7pQ0G/rK1by9Ik=
-12,-73,tIIxhhOI8xREqoblIZCPUCMeyqs=,Hw/UYHTrh7orIHy7ibr/ClabIdw=
-14,-73,tIIxhhOI8xREqoblIZCPUCMeyqs=,Hw/UYHTrh7orIHy7ibr/ClabIdw=
-15,-73,tIIxhhOI8xREqoblIZCPUCMeyqs=,Hw/UYHTrh7orIHy7ibr/ClabIdw=
-11,-67,tIIxhhOI8xREqoblIZCPUCMeyqs=,Z7lBG51WxyNdl7pQ0G/rK1by9Ik=
-8,-72,tIIxhhOI8xREqoblIZCPUCMeyqs=,SvVSfmAMmCnaxVLQphltPxAuGEI=
-15,-67,tIIxhhOI8xREqoblIZCPUCMeyqs=,Z7lBG51WxyNdl7pQ0G/rK1by9Ik=
-8,-65,tIIxhhOI8xREqoblIZCPUCMeyqs=,SvVSfmAMmCnaxVLQphltPxAuGEI=
-16,-73,tIIxhhOI8xREqoblIZCPUCMeyqs=,Hw/UYHTrh7orIHy7ibr/ClabIdw=
-11,-73,tIIxhhOI8xREqoblIZCPUCMeyqs=,Hw/UYHTrh7orIHy7ibr/ClabIdw=
-16,-67,tIIxhhOI8xREqoblIZCPUCMeyqs=,Z7lBG51WxyNdl7pQ0G/rK1by9Ik=
-9,-68,tIIxhhOI8xREqoblIZCPUCMeyqs=,Z7lBG51WxyNdl7pQ0G/rK1by9Ik=
-10,-73,tIIxhhOI8xREqoblIZCPUCMeyqs=,Hw/UYHTrh7orIHy7ibr/ClabIdw=
-8,-69,tIIxhhOI8xREqoblIZCPUCMeyqs=,SvVSfmAMmCnaxVLQphltPxAuGEI=
-10,-68,tIIxhhOI8xREqoblIZCPUCMeyqs=,Z7lBG51WxyNdl7pQ0G/rK1by9Ik=
-10,-67,tIIxhhOI8xREqoblIZCPUCMeyqs=,Z7lBG51WxyNdl7pQ0G/rK1by9Ik=
-8,-68,tIIxhhOI8xREqoblIZCPUCMeyqs=,SvVSfmAMmCnaxVLQphltPxAuGEI=
-9,-67,tIIxhhOI8xREqoblIZCPUCMeyqs=,Z7lBG51WxyNdl7pQ0G/rK1by9Ik=
-11,-68,tIIxhhOI8xREqoblIZCPUCMeyqs=,Z7lBG51WxyNdl7pQ0G/rK1by9Ik=
-12,-68,tIIxhhOI8xREqoblIZCPUCMeyqs=,Z7lBG51WxyNdl7pQ0G/rK1by9Ik=
-16,-66,tIIxhhOI8xREqoblIZCPUCMeyqs=,Z7lBG51WxyNdl7pQ0G/rK1by9Ik=
-14,-68,tIIxhhOI8xREqoblIZCPUCMeyqs=,Z7lBG51WxyNdl7pQ0G/rK1by9Ik=
-13,-68,tIIxhhOI8xREqoblIZCPUCMeyqs=,Z7lBG51WxyNdl7pQ0G/rK1by9Ik=
-15,-66,tIIxhhOI8xREqoblIZCPUCMeyqs=,Z7lBG51WxyNdl7pQ0G/rK1by9Ik=
-15,-68,tIIxhhOI8xREqoblIZCPUCMeyqs=,Z7lBG51WxyNdl7pQ0G/rK1by9Ik=
-14,-66,tIIxhhOI8xREqoblIZCPUCMeyqs=,Z7lBG51WxyNdl7pQ0G/rK1by9Ik=
-16,-68,tIIxhhOI8xREqoblIZCPUCMeyqs=,Z7lBG51WxyNdl7pQ0G/rK1by9Ik=
-9,-69,tIIxhhOI8xREqoblIZCPUCMeyqs=,Z7lBG51WxyNdl7pQ0G/rK1by9Ik=
-13,-66,tIIxhhOI8xREqoblIZCPUCMeyqs=,Z7lBG51WxyNdl7pQ0G/rK1by9Ik=
-10,-69,tIIxhhOI8xREqoblIZCPUCMeyqs=,Z7lBG51WxyNdl7pQ0G/rK1by9Ik=
-11,-69,tIIxhhOI8xREqoblIZCPUCMeyqs=,Z7lBG51WxyNdl7pQ0G/rK1by9Ik=
-12,-66,tIIxhhOI8xREqoblIZCPUCMeyqs=,Z7lBG51WxyNdl7pQ0G/rK1by9Ik=
-12,-69,tIIxhhOI8xREqoblIZCPUCMeyqs=,Z7lBG51WxyNdl7pQ0G/rK1by9Ik=
-11,-66,tIIxhhOI8xREqoblIZCPUCMeyqs=,Z7lBG51WxyNdl7pQ0G/rK1by9Ik=
-10,-66,tIIxhhOI8xREqoblIZCPUCMeyqs=,Z7lBG51WxyNdl7pQ0G/rK1by9Ik=
-9,-66,tIIxhhOI8xREqoblIZCPUCMeyqs=,Z7lBG51WxyNdl7pQ0G/rK1by9Ik=
-14,-69,tIIxhhOI8xREqoblIZCPUCMeyqs=,Z7lBG51WxyNdl7pQ0G/rK1by9Ik=
-9,-73,tIIxhhOI8xREqoblIZCPUCMeyqs=,Hw/UYHTrh7orIHy7ibr/ClabIdw=
-8,-67,tIIxhhOI8xREqoblIZCPUCMeyqs=,SvVSfmAMmCnaxVLQphltPxAuGEI=
-15,-69,tIIxhhOI8xREqoblIZCPUCMeyqs=,Z7lBG51WxyNdl7pQ0G/rK1by9Ik=
-13,-69,tIIxhhOI8xREqoblIZCPUCMeyqs=,Z7lBG51WxyNdl7pQ0G/rK1by9Ik=
-16,-72,tIIxhhOI8xREqoblIZCPUCMeyqs=,Z7lBG51WxyNdl7pQ0G/rK1by9Ik=
-8,-70,tIIxhhOI8xREqoblIZCPUCMeyqs=,SvVSfmAMmCnaxVLQphltPxAuGEI=
-8,-71,tIIxhhOI8xREqoblIZCPUCMeyqs=,SvVSfmAMmCnaxVLQphltPxAuGEI=
-16,-69,tIIxhhOI8xREqoblIZCPUCMeyqs=,Z7lBG51WxyNdl7pQ0G/rK1by9Ik=
-9,-70,tIIxhhOI8xREqoblIZCPUCMeyqs=,Z7lBG51WxyNdl7pQ0G/rK1by9Ik=
-15,-65,tIIxhhOI8xREqoblIZCPUCMeyqs=,Z7lBG51WxyNdl7pQ0G/rK1by9Ik=
-10,-70,tIIxhhOI8xREqoblIZCPUCMeyqs=,Z7lBG51WxyNdl7pQ0G/rK1by9Ik=
-11,-70,tIIxhhOI8xREqoblIZCPUCMeyqs=,Z7lBG51WxyNdl7pQ0G/rK1by9Ik=
-14,-65,tIIxhhOI8xREqoblIZCPUCMeyqs=,Z7lBG51WxyNdl7pQ0G/rK1by9Ik=
-12,-70,tIIxhhOI8xREqoblIZCPUCMeyqs=,Z7lBG51WxyNdl7pQ0G/rK1by9Ik=
-13,-70,tIIxhhOI8xREqoblIZCPUCMeyqs=,Z7lBG51WxyNdl7pQ0G/rK1by9Ik=
-15,-72,tIIxhhOI8xREqoblIZCPUCMeyqs=,Z7lBG51WxyNdl7pQ0G/rK1by9Ik=
-14,-70,tIIxhhOI8xREqoblIZCPUCMeyqs=,Z7lBG51WxyNdl7pQ0G/rK1by9Ik=
-15,-70,tIIxhhOI8xREqoblIZCPUCMeyqs=,Z7lBG51WxyNdl7pQ0G/rK1by9Ik=
-13,-65,tIIxhhOI8xREqoblIZCPUCMeyqs=,Z7lBG51WxyNdl7pQ0G/rK1by9Ik=
-16,-70,tIIxhhOI8xREqoblIZCPUCMeyqs=,Z7lBG51WxyNdl7pQ0G/rK1by9Ik=
-9,-71,tIIxhhOI8xREqoblIZCPUCMeyqs=,Z7lBG51WxyNdl7pQ0G/rK1by9Ik=
-14,-72,tIIxhhOI8xREqoblIZCPUCMeyqs=,Z7lBG51WxyNdl7pQ0G/rK1by9Ik=
-10,-71,tIIxhhOI8xREqoblIZCPUCMeyqs=,Z7lBG51WxyNdl7pQ0G/rK1by9Ik=
-11,-71,tIIxhhOI8xREqoblIZCPUCMeyqs=,Z7lBG51WxyNdl7pQ0G/rK1by9Ik=
-13,-72,tIIxhhOI8xREqoblIZCPUCMeyqs=,Z7lBG51WxyNdl7pQ0G/rK1by9Ik=
-12,-71,tIIxhhOI8xREqoblIZCPUCMeyqs=,Z7lBG51WxyNdl7pQ0G/rK1by9Ik=
-12,-65,tIIxhhOI8xREqoblIZCPUCMeyqs=,Z7lBG51WxyNdl7pQ0G/rK1by9Ik=
-13,-71,tIIxhhOI8xREqoblIZCPUCMeyqs=,Z7lBG51WxyNdl7pQ0G/rK1by9Ik=
-14,-71,tIIxhhOI8xREqoblIZCPUCMeyqs=,Z7lBG51WxyNdl7pQ0G/rK1by9Ik=
-12,-72,tIIxhhOI8xREqoblIZCPUCMeyqs=,Z7lBG51WxyNdl7pQ0G/rK1by9Ik=
-11,-65,tIIxhhOI8xREqoblIZCPUCMeyqs=,Z7lBG51WxyNdl7pQ0G/rK1by9Ik=
-15,-71,tIIxhhOI8xREqoblIZCPUCMeyqs=,Z7lBG51WxyNdl7pQ0G/rK1by9Ik=
-10,-65,tIIxhhOI8xREqoblIZCPUCMeyqs=,Z7lBG51WxyNdl7pQ0G/rK1by9Ik=
-16,-71,tIIxhhOI8xREqoblIZCPUCMeyqs=,Z7lBG51WxyNdl7pQ0G/rK1by9Ik=
-9,-65,tIIxhhOI8xREqoblIZCPUCMeyqs=,Z7lBG51WxyNdl7pQ0G/rK1by9Ik=
-9,-72,tIIxhhOI8xREqoblIZCPUCMeyqs=,Z7lBG51WxyNdl7pQ0G/rK1by9Ik=
-11,-72,tIIxhhOI8xREqoblIZCPUCMeyqs=,Z7lBG51WxyNdl7pQ0G/rK1by9Ik=
-10,-72,tIIxhhOI8xREqoblIZCPUCMeyqs=,Z7lBG51WxyNdl7pQ0G/rK1by9Ik=
-1,-72,tIIxhhOI8xREqoblIZCPUCMeyqs=,SvVSfmAMmCnaxVLQphltPxAuGEI=
-16,-65,tIIxhhOI8xREqoblIZCPUCMeyqs=,Z7lBG51WxyNdl7pQ0G/rK1by9Ik=
-1,-65,tIIxhhOI8xREqoblIZCPUCMeyqs=,SvVSfmAMmCnaxVLQphltPxAuGEI=
-9,-80,tIIxhhOI8xREqoblIZCPUCMeyqs=,Hw/UYHTrh7orIHy7ibr/ClabIdw=
-11,-80,tIIxhhOI8xREqoblIZCPUCMeyqs=,Hw/UYHTrh7orIHy7ibr/ClabIdw=
-12,-80,tIIxhhOI8xREqoblIZCPUCMeyqs=,Hw/UYHTrh7orIHy7ibr/ClabIdw=
-13,-80,tIIxhhOI8xREqoblIZCPUCMeyqs=,Hw/UYHTrh7orIHy7ibr/ClabIdw=
-14,-80,tIIxhhOI8xREqoblIZCPUCMeyqs=,Hw/UYHTrh7orIHy7ibr/ClabIdw=
-15,-80,tIIxhhOI8xREqoblIZCPUCMeyqs=,Hw/UYHTrh7orIHy7ibr/ClabIdw=
-16,-80,tIIxhhOI8xREqoblIZCPUCMeyqs=,Hw/UYHTrh7orIHy7ibr/ClabIdw=
-10,-80,tIIxhhOI8xREqoblIZCPUCMeyqs=,Hw/UYHTrh7orIHy7ibr/ClabIdw=
-16,-96,c0uBNiJ/2DE8TYsquVExLVnw/2E=,3KHgwlXH6djUcKnxb9u7Vbmylmg=
-9,-93,c0uBNiJ/2DE8TYsquVExLVnw/2E=,3KHgwlXH6djUcKnxb9u7Vbmylmg=
-10,-93,c0uBNiJ/2DE8TYsquVExLVnw/2E=,3KHgwlXH6djUcKnxb9u7Vbmylmg=
-11,-91,c0uBNiJ/2DE8TYsquVExLVnw/2E=,3KHgwlXH6djUcKnxb9u7Vbmylmg=
-11,-90,c0uBNiJ/2DE8TYsquVExLVnw/2E=,3KHgwlXH6djUcKnxb9u7Vbmylmg=
-12,-90,c0uBNiJ/2DE8TYsquVExLVnw/2E=,3KHgwlXH6djUcKnxb9u7Vbmylmg=
-14,-95,c0uBNiJ/2DE8TYsquVExLVnw/2E=,3KHgwlXH6djUcKnxb9u7Vbmylmg=
-13,-90,c0uBNiJ/2DE8TYsquVExLVnw/2E=,3KHgwlXH6djUcKnxb9u7Vbmylmg=
-12,-91,c0uBNiJ/2DE8TYsquVExLVnw/2E=,3KHgwlXH6djUcKnxb9u7Vbmylmg=
-13,-91,c0uBNiJ/2DE8TYsquVExLVnw/2E=,3KHgwlXH6djUcKnxb9u7Vbmylmg=
-14,-91,c0uBNiJ/2DE8TYsquVExLVnw/2E=,3KHgwlXH6djUcKnxb9u7Vbmylmg=
-15,-91,c0uBNiJ/2DE8TYsquVExLVnw/2E=,3KHgwlXH6djUcKnxb9u7Vbmylmg=
-9,-92,c0uBNiJ/2DE8TYsquVExLVnw/2E=,3KHgwlXH6djUcKnxb9u7Vbmylmg=
-14,-90,c0uBNiJ/2DE8TYsquVExLVnw/2E=,3KHgwlXH6djUcKnxb9u7Vbmylmg=
-16,-94,c0uBNiJ/2DE8TYsquVExLVnw/2E=,3KHgwlXH6djUcKnxb9u7Vbmylmg=
-11,-93,c0uBNiJ/2DE8TYsquVExLVnw/2E=,3KHgwlXH6djUcKnxb9u7Vbmylmg=
-15,-95,LCnBF3owpu163sMvU4bQSUg/Yv0=,3KHgwlXH6djUcKnxb9u7Vbmylmg=
-16,-95,KJAby2uJzQtgPp2aHh6RlLbBbw8=,3KHgwlXH6djUcKnxb9u7Vbmylmg=
-15,-96,uPUQ/RyJKaSbZ+59Z3OH40vYYBU=,3KHgwlXH6djUcKnxb9u7Vbmylmg=
-9,-96,uPUQ/RyJKaSbZ+59Z3OH40vYYBU=,3KHgwlXH6djUcKnxb9u7Vbmylmg=
-15,-90,uPUQ/RyJKaSbZ+59Z3OH40vYYBU=,3KHgwlXH6djUcKnxb9u7Vbmylmg=
-16,-93,uPUQ/RyJKaSbZ+59Z3OH40vYYBU=,3KHgwlXH6djUcKnxb9u7Vbmylmg=
-16,-91,uPUQ/RyJKaSbZ+59Z3OH40vYYBU=,3KHgwlXH6djUcKnxb9u7Vbmylmg=
-9,-94,uPUQ/RyJKaSbZ+59Z3OH40vYYBU=,3KHgwlXH6djUcKnxb9u7Vbmylmg=
-10,-96,uPUQ/RyJKaSbZ+59Z3OH40vYYBU=,3KHgwlXH6djUcKnxb9u7Vbmylmg=
-10,-94,uPUQ/RyJKaSbZ+59Z3OH40vYYBU=,3KHgwlXH6djUcKnxb9u7Vbmylmg=
-9,-95,uPUQ/RyJKaSbZ+59Z3OH40vYYBU=,3KHgwlXH6djUcKnxb9u7Vbmylmg=
-11,-94,uPUQ/RyJKaSbZ+59Z3OH40vYYBU=,3KHgwlXH6djUcKnxb9u7Vbmylmg=
-16,-90,uPUQ/RyJKaSbZ+59Z3OH40vYYBU=,3KHgwlXH6djUcKnxb9u7Vbmylmg=
-12,-94,uPUQ/RyJKaSbZ+59Z3OH40vYYBU=,3KHgwlXH6djUcKnxb9u7Vbmylmg=
-13,-94,uPUQ/RyJKaSbZ+59Z3OH40vYYBU=,3KHgwlXH6djUcKnxb9u7Vbmylmg=
-14,-94,uPUQ/RyJKaSbZ+59Z3OH40vYYBU=,3KHgwlXH6djUcKnxb9u7Vbmylmg=
-9,-91,uPUQ/RyJKaSbZ+59Z3OH40vYYBU=,3KHgwlXH6djUcKnxb9u7Vbmylmg=
-9,-90,uPUQ/RyJKaSbZ+59Z3OH40vYYBU=,3KHgwlXH6djUcKnxb9u7Vbmylmg=
-10,-92,uPUQ/RyJKaSbZ+59Z3OH40vYYBU=,3KHgwlXH6djUcKnxb9u7Vbmylmg=
-11,-92,uPUQ/RyJKaSbZ+59Z3OH40vYYBU=,3KHgwlXH6djUcKnxb9u7Vbmylmg=
-12,-92,uPUQ/RyJKaSbZ+59Z3OH40vYYBU=,3KHgwlXH6djUcKnxb9u7Vbmylmg=
-13,-92,uPUQ/RyJKaSbZ+59Z3OH40vYYBU=,3KHgwlXH6djUcKnxb9u7Vbmylmg=
-11,-96,uPUQ/RyJKaSbZ+59Z3OH40vYYBU=,3KHgwlXH6djUcKnxb9u7Vbmylmg=
-14,-92,uPUQ/RyJKaSbZ+59Z3OH40vYYBU=,3KHgwlXH6djUcKnxb9u7Vbmylmg=
-15,-92,uPUQ/RyJKaSbZ+59Z3OH40vYYBU=,3KHgwlXH6djUcKnxb9u7Vbmylmg=
-16,-92,uPUQ/RyJKaSbZ+59Z3OH40vYYBU=,3KHgwlXH6djUcKnxb9u7Vbmylmg=
-14,-96,uPUQ/RyJKaSbZ+59Z3OH40vYYBU=,3KHgwlXH6djUcKnxb9u7Vbmylmg=
-10,-95,uPUQ/RyJKaSbZ+59Z3OH40vYYBU=,3KHgwlXH6djUcKnxb9u7Vbmylmg=
-10,-91,uPUQ/RyJKaSbZ+59Z3OH40vYYBU=,3KHgwlXH6djUcKnxb9u7Vbmylmg=
-11,-95,uPUQ/RyJKaSbZ+59Z3OH40vYYBU=,3KHgwlXH6djUcKnxb9u7Vbmylmg=
-12,-93,uPUQ/RyJKaSbZ+59Z3OH40vYYBU=,3KHgwlXH6djUcKnxb9u7Vbmylmg=
-12,-96,uPUQ/RyJKaSbZ+59Z3OH40vYYBU=,3KHgwlXH6djUcKnxb9u7Vbmylmg=
-12,-95,uPUQ/RyJKaSbZ+59Z3OH40vYYBU=,3KHgwlXH6djUcKnxb9u7Vbmylmg=
-13,-96,uPUQ/RyJKaSbZ+59Z3OH40vYYBU=,3KHgwlXH6djUcKnxb9u7Vbmylmg=
-15,-94,uPUQ/RyJKaSbZ+59Z3OH40vYYBU=,3KHgwlXH6djUcKnxb9u7Vbmylmg=
-13,-93,uPUQ/RyJKaSbZ+59Z3OH40vYYBU=,3KHgwlXH6djUcKnxb9u7Vbmylmg=
-10,-90,uPUQ/RyJKaSbZ+59Z3OH40vYYBU=,3KHgwlXH6djUcKnxb9u7Vbmylmg=
-14,-93,uPUQ/RyJKaSbZ+59Z3OH40vYYBU=,3KHgwlXH6djUcKnxb9u7Vbmylmg=
-15,-93,uPUQ/RyJKaSbZ+59Z3OH40vYYBU=,3KHgwlXH6djUcKnxb9u7Vbmylmg=
-13,-95,uPUQ/RyJKaSbZ+59Z3OH40vYYBU=,3KHgwlXH6djUcKnxb9u7Vbmylmg=
-12,-81,uPUQ/RyJKaSbZ+59Z3OH40vYYBU=,DysePsUJ5iJNhhTaNcC3BZxhm1o=
-11,-81,uPUQ/RyJKaSbZ+59Z3OH40vYYBU=,DysePsUJ5iJNhhTaNcC3BZxhm1o=
-12,-89,uPUQ/RyJKaSbZ+59Z3OH40vYYBU=,3KHgwlXH6djUcKnxb9u7Vbmylmg=
-10,-81,uPUQ/RyJKaSbZ+59Z3OH40vYYBU=,DysePsUJ5iJNhhTaNcC3BZxhm1o=
-9,-81,uPUQ/RyJKaSbZ+59Z3OH40vYYBU=,DysePsUJ5iJNhhTaNcC3BZxhm1o=
-11,-89,uPUQ/RyJKaSbZ+59Z3OH40vYYBU=,3KHgwlXH6djUcKnxb9u7Vbmylmg=
-10,-89,uPUQ/RyJKaSbZ+59Z3OH40vYYBU=,3KHgwlXH6djUcKnxb9u7Vbmylmg=
-9,-89,uPUQ/RyJKaSbZ+59Z3OH40vYYBU=,3KHgwlXH6djUcKnxb9u7Vbmylmg=
-15,-88,uPUQ/RyJKaSbZ+59Z3OH40vYYBU=,DysePsUJ5iJNhhTaNcC3BZxhm1o=
-16,-88,uPUQ/RyJKaSbZ+59Z3OH40vYYBU=,DysePsUJ5iJNhhTaNcC3BZxhm1o=
-14,-88,uPUQ/RyJKaSbZ+59Z3OH40vYYBU=,DysePsUJ5iJNhhTaNcC3BZxhm1o=
-13,-88,uPUQ/RyJKaSbZ+59Z3OH40vYYBU=,DysePsUJ5iJNhhTaNcC3BZxhm1o=
-13,-81,uPUQ/RyJKaSbZ+59Z3OH40vYYBU=,DysePsUJ5iJNhhTaNcC3BZxhm1o=
-12,-88,uPUQ/RyJKaSbZ+59Z3OH40vYYBU=,DysePsUJ5iJNhhTaNcC3BZxhm1o=
-11,-88,uPUQ/RyJKaSbZ+59Z3OH40vYYBU=,DysePsUJ5iJNhhTaNcC3BZxhm1o=
-10,-88,uPUQ/RyJKaSbZ+59Z3OH40vYYBU=,DysePsUJ5iJNhhTaNcC3BZxhm1o=
-9,-88,uPUQ/RyJKaSbZ+59Z3OH40vYYBU=,DysePsUJ5iJNhhTaNcC3BZxhm1o=
-14,-81,uPUQ/RyJKaSbZ+59Z3OH40vYYBU=,DysePsUJ5iJNhhTaNcC3BZxhm1o=
-15,-81,uPUQ/RyJKaSbZ+59Z3OH40vYYBU=,DysePsUJ5iJNhhTaNcC3BZxhm1o=
-9,-82,uPUQ/RyJKaSbZ+59Z3OH40vYYBU=,DysePsUJ5iJNhhTaNcC3BZxhm1o=
-10,-82,uPUQ/RyJKaSbZ+59Z3OH40vYYBU=,DysePsUJ5iJNhhTaNcC3BZxhm1o=
-16,-81,uPUQ/RyJKaSbZ+59Z3OH40vYYBU=,DysePsUJ5iJNhhTaNcC3BZxhm1o=
-11,-82,uPUQ/RyJKaSbZ+59Z3OH40vYYBU=,DysePsUJ5iJNhhTaNcC3BZxhm1o=
-16,-87,uPUQ/RyJKaSbZ+59Z3OH40vYYBU=,DysePsUJ5iJNhhTaNcC3BZxhm1o=
-12,-82,uPUQ/RyJKaSbZ+59Z3OH40vYYBU=,DysePsUJ5iJNhhTaNcC3BZxhm1o=
-13,-82,uPUQ/RyJKaSbZ+59Z3OH40vYYBU=,DysePsUJ5iJNhhTaNcC3BZxhm1o=
-15,-87,uPUQ/RyJKaSbZ+59Z3OH40vYYBU=,DysePsUJ5iJNhhTaNcC3BZxhm1o=
-14,-82,uPUQ/RyJKaSbZ+59Z3OH40vYYBU=,DysePsUJ5iJNhhTaNcC3BZxhm1o=
-14,-87,uPUQ/RyJKaSbZ+59Z3OH40vYYBU=,DysePsUJ5iJNhhTaNcC3BZxhm1o=
-15,-82,uPUQ/RyJKaSbZ+59Z3OH40vYYBU=,DysePsUJ5iJNhhTaNcC3BZxhm1o=
-9,-83,uPUQ/RyJKaSbZ+59Z3OH40vYYBU=,DysePsUJ5iJNhhTaNcC3BZxhm1o=
-10,-83,uPUQ/RyJKaSbZ+59Z3OH40vYYBU=,DysePsUJ5iJNhhTaNcC3BZxhm1o=
-11,-83,uPUQ/RyJKaSbZ+59Z3OH40vYYBU=,DysePsUJ5iJNhhTaNcC3BZxhm1o=
-12,-83,uPUQ/RyJKaSbZ+59Z3OH40vYYBU=,DysePsUJ5iJNhhTaNcC3BZxhm1o=
-13,-87,uPUQ/RyJKaSbZ+59Z3OH40vYYBU=,DysePsUJ5iJNhhTaNcC3BZxhm1o=
-16,-82,uPUQ/RyJKaSbZ+59Z3OH40vYYBU=,DysePsUJ5iJNhhTaNcC3BZxhm1o=
-13,-83,uPUQ/RyJKaSbZ+59Z3OH40vYYBU=,DysePsUJ5iJNhhTaNcC3BZxhm1o=
-14,-83,uPUQ/RyJKaSbZ+59Z3OH40vYYBU=,DysePsUJ5iJNhhTaNcC3BZxhm1o=
-12,-87,uPUQ/RyJKaSbZ+59Z3OH40vYYBU=,DysePsUJ5iJNhhTaNcC3BZxhm1o=
-13,-89,uPUQ/RyJKaSbZ+59Z3OH40vYYBU=,3KHgwlXH6djUcKnxb9u7Vbmylmg=
-15,-83,uPUQ/RyJKaSbZ+59Z3OH40vYYBU=,DysePsUJ5iJNhhTaNcC3BZxhm1o=
-9,-84,uPUQ/RyJKaSbZ+59Z3OH40vYYBU=,DysePsUJ5iJNhhTaNcC3BZxhm1o=
-10,-84,uPUQ/RyJKaSbZ+59Z3OH40vYYBU=,DysePsUJ5iJNhhTaNcC3BZxhm1o=
-11,-84,uPUQ/RyJKaSbZ+59Z3OH40vYYBU=,DysePsUJ5iJNhhTaNcC3BZxhm1o=
-16,-83,uPUQ/RyJKaSbZ+59Z3OH40vYYBU=,DysePsUJ5iJNhhTaNcC3BZxhm1o=
-11,-87,uPUQ/RyJKaSbZ+59Z3OH40vYYBU=,DysePsUJ5iJNhhTaNcC3BZxhm1o=
-10,-87,uPUQ/RyJKaSbZ+59Z3OH40vYYBU=,DysePsUJ5iJNhhTaNcC3BZxhm1o=
-9,-87,uPUQ/RyJKaSbZ+59Z3OH40vYYBU=,DysePsUJ5iJNhhTaNcC3BZxhm1o=
-12,-84,uPUQ/RyJKaSbZ+59Z3OH40vYYBU=,DysePsUJ5iJNhhTaNcC3BZxhm1o=
-13,-84,uPUQ/RyJKaSbZ+59Z3OH40vYYBU=,DysePsUJ5iJNhhTaNcC3BZxhm1o=
-16,-86,uPUQ/RyJKaSbZ+59Z3OH40vYYBU=,DysePsUJ5iJNhhTaNcC3BZxhm1o=
-14,-84,uPUQ/RyJKaSbZ+59Z3OH40vYYBU=,DysePsUJ5iJNhhTaNcC3BZxhm1o=
-15,-84,uPUQ/RyJKaSbZ+59Z3OH40vYYBU=,DysePsUJ5iJNhhTaNcC3BZxhm1o=
-9,-85,uPUQ/RyJKaSbZ+59Z3OH40vYYBU=,DysePsUJ5iJNhhTaNcC3BZxhm1o=
-10,-85,uPUQ/RyJKaSbZ+59Z3OH40vYYBU=,DysePsUJ5iJNhhTaNcC3BZxhm1o=
-15,-86,uPUQ/RyJKaSbZ+59Z3OH40vYYBU=,DysePsUJ5iJNhhTaNcC3BZxhm1o=
-16,-84,uPUQ/RyJKaSbZ+59Z3OH40vYYBU=,DysePsUJ5iJNhhTaNcC3BZxhm1o=
-14,-89,uPUQ/RyJKaSbZ+59Z3OH40vYYBU=,3KHgwlXH6djUcKnxb9u7Vbmylmg=
-11,-85,uPUQ/RyJKaSbZ+59Z3OH40vYYBU=,DysePsUJ5iJNhhTaNcC3BZxhm1o=
-14,-86,uPUQ/RyJKaSbZ+59Z3OH40vYYBU=,DysePsUJ5iJNhhTaNcC3BZxhm1o=
-13,-85,uPUQ/RyJKaSbZ+59Z3OH40vYYBU=,DysePsUJ5iJNhhTaNcC3BZxhm1o=
-12,-85,uPUQ/RyJKaSbZ+59Z3OH40vYYBU=,DysePsUJ5iJNhhTaNcC3BZxhm1o=
-15,-85,uPUQ/RyJKaSbZ+59Z3OH40vYYBU=,DysePsUJ5iJNhhTaNcC3BZxhm1o=
-14,-85,uPUQ/RyJKaSbZ+59Z3OH40vYYBU=,DysePsUJ5iJNhhTaNcC3BZxhm1o=
-9,-86,uPUQ/RyJKaSbZ+59Z3OH40vYYBU=,DysePsUJ5iJNhhTaNcC3BZxhm1o=
-15,-89,uPUQ/RyJKaSbZ+59Z3OH40vYYBU=,3KHgwlXH6djUcKnxb9u7Vbmylmg=
-13,-86,uPUQ/RyJKaSbZ+59Z3OH40vYYBU=,DysePsUJ5iJNhhTaNcC3BZxhm1o=
-10,-86,uPUQ/RyJKaSbZ+59Z3OH40vYYBU=,DysePsUJ5iJNhhTaNcC3BZxhm1o=
-16,-85,uPUQ/RyJKaSbZ+59Z3OH40vYYBU=,DysePsUJ5iJNhhTaNcC3BZxhm1o=
-16,-89,uPUQ/RyJKaSbZ+59Z3OH40vYYBU=,3KHgwlXH6djUcKnxb9u7Vbmylmg=
-12,-86,uPUQ/RyJKaSbZ+59Z3OH40vYYBU=,DysePsUJ5iJNhhTaNcC3BZxhm1o=
-11,-86,uPUQ/RyJKaSbZ+59Z3OH40vYYBU=,DysePsUJ5iJNhhTaNcC3BZxhm1o=
-28,-83,u5xKyzVr4jy+axrA9bMbwmonGHg=,vEPL8XrUXh7YhVdrz3Qlzz7qTsc=
-30,-83,u5xKyzVr4jy+axrA9bMbwmonGHg=,vEPL8XrUXh7YhVdrz3Qlzz7qTsc=
-29,-83,u5xKyzVr4jy+axrA9bMbwmonGHg=,vEPL8XrUXh7YhVdrz3Qlzz7qTsc=
-31,-83,u5xKyzVr4jy+axrA9bMbwmonGHg=,vEPL8XrUXh7YhVdrz3Qlzz7qTsc=
-32,-83,u5xKyzVr4jy+axrA9bMbwmonGHg=,vEPL8XrUXh7YhVdrz3Qlzz7qTsc=
-26,-84,u5xKyzVr4jy+axrA9bMbwmonGHg=,vEPL8XrUXh7YhVdrz3Qlzz7qTsc=
-27,-84,u5xKyzVr4jy+axrA9bMbwmonGHg=,vEPL8XrUXh7YhVdrz3Qlzz7qTsc=
-28,-84,u5xKyzVr4jy+axrA9bMbwmonGHg=,vEPL8XrUXh7YhVdrz3Qlzz7qTsc=
-29,-84,u5xKyzVr4jy+axrA9bMbwmonGHg=,vEPL8XrUXh7YhVdrz3Qlzz7qTsc=
-30,-84,u5xKyzVr4jy+axrA9bMbwmonGHg=,vEPL8XrUXh7YhVdrz3Qlzz7qTsc=
-31,-84,u5xKyzVr4jy+axrA9bMbwmonGHg=,vEPL8XrUXh7YhVdrz3Qlzz7qTsc=
-32,-84,u5xKyzVr4jy+axrA9bMbwmonGHg=,vEPL8XrUXh7YhVdrz3Qlzz7qTsc=
-26,-85,u5xKyzVr4jy+axrA9bMbwmonGHg=,vEPL8XrUXh7YhVdrz3Qlzz7qTsc=
-27,-85,u5xKyzVr4jy+axrA9bMbwmonGHg=,vEPL8XrUXh7YhVdrz3Qlzz7qTsc=
-29,-85,u5xKyzVr4jy+axrA9bMbwmonGHg=,vEPL8XrUXh7YhVdrz3Qlzz7qTsc=
-28,-85,u5xKyzVr4jy+axrA9bMbwmonGHg=,vEPL8XrUXh7YhVdrz3Qlzz7qTsc=
-30,-85,u5xKyzVr4jy+axrA9bMbwmonGHg=,vEPL8XrUXh7YhVdrz3Qlzz7qTsc=
-31,-85,4722YfdYxm5g5Y4yQOg7pSpHFBQ=,vEPL8XrUXh7YhVdrz3Qlzz7qTsc=
-32,-85,4722YfdYxm5g5Y4yQOg7pSpHFBQ=,vEPL8XrUXh7YhVdrz3Qlzz7qTsc=
-27,-86,eeePVYhiW+2NwQJRylSlKbgXask=,vEPL8XrUXh7YhVdrz3Qlzz7qTsc=
-26,-86,eeePVYhiW+2NwQJRylSlKbgXask=,vEPL8XrUXh7YhVdrz3Qlzz7qTsc=
-28,-86,eeePVYhiW+2NwQJRylSlKbgXask=,vEPL8XrUXh7YhVdrz3Qlzz7qTsc=
-29,-86,z0f2YLDD/1a6Oo3f45yrKKjNITM=,vEPL8XrUXh7YhVdrz3Qlzz7qTsc=
-32,-86,z0f2YLDD/1a6Oo3f45yrKKjNITM=,vEPL8XrUXh7YhVdrz3Qlzz7qTsc=
-30,-86,z0f2YLDD/1a6Oo3f45yrKKjNITM=,vEPL8XrUXh7YhVdrz3Qlzz7qTsc=
-31,-86,z0f2YLDD/1a6Oo3f45yrKKjNITM=,vEPL8XrUXh7YhVdrz3Qlzz7qTsc=
-26,-87,z0f2YLDD/1a6Oo3f45yrKKjNITM=,vEPL8XrUXh7YhVdrz3Qlzz7qTsc=
-27,-87,z0f2YLDD/1a6Oo3f45yrKKjNITM=,vEPL8XrUXh7YhVdrz3Qlzz7qTsc=
-28,-87,z0f2YLDD/1a6Oo3f45yrKKjNITM=,vEPL8XrUXh7YhVdrz3Qlzz7qTsc=
-29,-87,z0f2YLDD/1a6Oo3f45yrKKjNITM=,vEPL8XrUXh7YhVdrz3Qlzz7qTsc=
-30,-87,z0f2YLDD/1a6Oo3f45yrKKjNITM=,vEPL8XrUXh7YhVdrz3Qlzz7qTsc=
-31,-87,z0f2YLDD/1a6Oo3f45yrKKjNITM=,vEPL8XrUXh7YhVdrz3Qlzz7qTsc=
-32,-87,z0f2YLDD/1a6Oo3f45yrKKjNITM=,vEPL8XrUXh7YhVdrz3Qlzz7qTsc=
-27,-81,z0f2YLDD/1a6Oo3f45yrKKjNITM=,vEPL8XrUXh7YhVdrz3Qlzz7qTsc=
-28,-81,z0f2YLDD/1a6Oo3f45yrKKjNITM=,vEPL8XrUXh7YhVdrz3Qlzz7qTsc=
-29,-81,z0f2YLDD/1a6Oo3f45yrKKjNITM=,vEPL8XrUXh7YhVdrz3Qlzz7qTsc=
-26,-88,z0f2YLDD/1a6Oo3f45yrKKjNITM=,vEPL8XrUXh7YhVdrz3Qlzz7qTsc=
-27,-88,z0f2YLDD/1a6Oo3f45yrKKjNITM=,vEPL8XrUXh7YhVdrz3Qlzz7qTsc=
-30,-81,z0f2YLDD/1a6Oo3f45yrKKjNITM=,vEPL8XrUXh7YhVdrz3Qlzz7qTsc=
-31,-81,z0f2YLDD/1a6Oo3f45yrKKjNITM=,vEPL8XrUXh7YhVdrz3Qlzz7qTsc=
-32,-81,z0f2YLDD/1a6Oo3f45yrKKjNITM=,vEPL8XrUXh7YhVdrz3Qlzz7qTsc=
-26,-81,z0f2YLDD/1a6Oo3f45yrKKjNITM=,vEPL8XrUXh7YhVdrz3Qlzz7qTsc=
-28,-88,z0f2YLDD/1a6Oo3f45yrKKjNITM=,vEPL8XrUXh7YhVdrz3Qlzz7qTsc=
-27,-82,z0f2YLDD/1a6Oo3f45yrKKjNITM=,vEPL8XrUXh7YhVdrz3Qlzz7qTsc=
-26,-82,z0f2YLDD/1a6Oo3f45yrKKjNITM=,vEPL8XrUXh7YhVdrz3Qlzz7qTsc=
-28,-82,z0f2YLDD/1a6Oo3f45yrKKjNITM=,vEPL8XrUXh7YhVdrz3Qlzz7qTsc=
-29,-82,z0f2YLDD/1a6Oo3f45yrKKjNITM=,vEPL8XrUXh7YhVdrz3Qlzz7qTsc=
-30,-82,z0f2YLDD/1a6Oo3f45yrKKjNITM=,vEPL8XrUXh7YhVdrz3Qlzz7qTsc=
-29,-88,z0f2YLDD/1a6Oo3f45yrKKjNITM=,vEPL8XrUXh7YhVdrz3Qlzz7qTsc=
-30,-88,z0f2YLDD/1a6Oo3f45yrKKjNITM=,vEPL8XrUXh7YhVdrz3Qlzz7qTsc=
-31,-82,z0f2YLDD/1a6Oo3f45yrKKjNITM=,vEPL8XrUXh7YhVdrz3Qlzz7qTsc=
-31,-88,z0f2YLDD/1a6Oo3f45yrKKjNITM=,vEPL8XrUXh7YhVdrz3Qlzz7qTsc=
-32,-88,z0f2YLDD/1a6Oo3f45yrKKjNITM=,vEPL8XrUXh7YhVdrz3Qlzz7qTsc=
-32,-82,z0f2YLDD/1a6Oo3f45yrKKjNITM=,vEPL8XrUXh7YhVdrz3Qlzz7qTsc=
-27,-83,z0f2YLDD/1a6Oo3f45yrKKjNITM=,vEPL8XrUXh7YhVdrz3Qlzz7qTsc=
-26,-83,z0f2YLDD/1a6Oo3f45yrKKjNITM=,vEPL8XrUXh7YhVdrz3Qlzz7qTsc=
-24,-96,z0f2YLDD/1a6Oo3f45yrKKjNITM=,1EZ+9Gk5R8FM72UDevnS/g0wjjM=
-23,-96,z0f2YLDD/1a6Oo3f45yrKKjNITM=,1EZ+9Gk5R8FM72UDevnS/g0wjjM=
-22,-96,z0f2YLDD/1a6Oo3f45yrKKjNITM=,1EZ+9Gk5R8FM72UDevnS/g0wjjM=
-21,-96,z0f2YLDD/1a6Oo3f45yrKKjNITM=,1EZ+9Gk5R8FM72UDevnS/g0wjjM=
-20,-96,z0f2YLDD/1a6Oo3f45yrKKjNITM=,1EZ+9Gk5R8FM72UDevnS/g0wjjM=
-19,-96,z0f2YLDD/1a6Oo3f45yrKKjNITM=,1EZ+9Gk5R8FM72UDevnS/g0wjjM=
-18,-96,z0f2YLDD/1a6Oo3f45yrKKjNITM=,1EZ+9Gk5R8FM72UDevnS/g0wjjM=
-17,-96,z0f2YLDD/1a6Oo3f45yrKKjNITM=,1EZ+9Gk5R8FM72UDevnS/g0wjjM=
-23,-95,z0f2YLDD/1a6Oo3f45yrKKjNITM=,1EZ+9Gk5R8FM72UDevnS/g0wjjM=
-24,-95,z0f2YLDD/1a6Oo3f45yrKKjNITM=,1EZ+9Gk5R8FM72UDevnS/g0wjjM=
-22,-95,z0f2YLDD/1a6Oo3f45yrKKjNITM=,1EZ+9Gk5R8FM72UDevnS/g0wjjM=
-17,-90,z0f2YLDD/1a6Oo3f45yrKKjNITM=,1EZ+9Gk5R8FM72UDevnS/g0wjjM=
-21,-95,z0f2YLDD/1a6Oo3f45yrKKjNITM=,1EZ+9Gk5R8FM72UDevnS/g0wjjM=
-20,-95,z0f2YLDD/1a6Oo3f45yrKKjNITM=,1EZ+9Gk5R8FM72UDevnS/g0wjjM=
-19,-95,z0f2YLDD/1a6Oo3f45yrKKjNITM=,1EZ+9Gk5R8FM72UDevnS/g0wjjM=
-18,-95,z0f2YLDD/1a6Oo3f45yrKKjNITM=,1EZ+9Gk5R8FM72UDevnS/g0wjjM=
-17,-95,z0f2YLDD/1a6Oo3f45yrKKjNITM=,1EZ+9Gk5R8FM72UDevnS/g0wjjM=
-24,-94,z0f2YLDD/1a6Oo3f45yrKKjNITM=,1EZ+9Gk5R8FM72UDevnS/g0wjjM=
-23,-94,z0f2YLDD/1a6Oo3f45yrKKjNITM=,1EZ+9Gk5R8FM72UDevnS/g0wjjM=
-22,-94,z0f2YLDD/1a6Oo3f45yrKKjNITM=,1EZ+9Gk5R8FM72UDevnS/g0wjjM=
-21,-94,z0f2YLDD/1a6Oo3f45yrKKjNITM=,1EZ+9Gk5R8FM72UDevnS/g0wjjM=
-18,-90,z0f2YLDD/1a6Oo3f45yrKKjNITM=,1EZ+9Gk5R8FM72UDevnS/g0wjjM=
-20,-94,z0f2YLDD/1a6Oo3f45yrKKjNITM=,1EZ+9Gk5R8FM72UDevnS/g0wjjM=
-19,-94,z0f2YLDD/1a6Oo3f45yrKKjNITM=,1EZ+9Gk5R8FM72UDevnS/g0wjjM=
-19,-90,z0f2YLDD/1a6Oo3f45yrKKjNITM=,1EZ+9Gk5R8FM72UDevnS/g0wjjM=
-18,-94,z0f2YLDD/1a6Oo3f45yrKKjNITM=,1EZ+9Gk5R8FM72UDevnS/g0wjjM=
-17,-94,z0f2YLDD/1a6Oo3f45yrKKjNITM=,1EZ+9Gk5R8FM72UDevnS/g0wjjM=
-24,-93,z0f2YLDD/1a6Oo3f45yrKKjNITM=,1EZ+9Gk5R8FM72UDevnS/g0wjjM=
-23,-93,z0f2YLDD/1a6Oo3f45yrKKjNITM=,1EZ+9Gk5R8FM72UDevnS/g0wjjM=
-22,-93,z0f2YLDD/1a6Oo3f45yrKKjNITM=,1EZ+9Gk5R8FM72UDevnS/g0wjjM=
-21,-93,z0f2YLDD/1a6Oo3f45yrKKjNITM=,1EZ+9Gk5R8FM72UDevnS/g0wjjM=
-20,-93,z0f2YLDD/1a6Oo3f45yrKKjNITM=,1EZ+9Gk5R8FM72UDevnS/g0wjjM=
-19,-93,z0f2YLDD/1a6Oo3f45yrKKjNITM=,1EZ+9Gk5R8FM72UDevnS/g0wjjM=
-18,-93,z0f2YLDD/1a6Oo3f45yrKKjNITM=,1EZ+9Gk5R8FM72UDevnS/g0wjjM=
-17,-93,z0f2YLDD/1a6Oo3f45yrKKjNITM=,1EZ+9Gk5R8FM72UDevnS/g0wjjM=
-24,-92,z0f2YLDD/1a6Oo3f45yrKKjNITM=,1EZ+9Gk5R8FM72UDevnS/g0wjjM=
-23,-92,z0f2YLDD/1a6Oo3f45yrKKjNITM=,1EZ+9Gk5R8FM72UDevnS/g0wjjM=
-22,-92,z0f2YLDD/1a6Oo3f45yrKKjNITM=,1EZ+9Gk5R8FM72UDevnS/g0wjjM=
-21,-92,z0f2YLDD/1a6Oo3f45yrKKjNITM=,1EZ+9Gk5R8FM72UDevnS/g0wjjM=
-20,-90,z0f2YLDD/1a6Oo3f45yrKKjNITM=,1EZ+9Gk5R8FM72UDevnS/g0wjjM=
-20,-92,z0f2YLDD/1a6Oo3f45yrKKjNITM=,1EZ+9Gk5R8FM72UDevnS/g0wjjM=
-21,-90,z0f2YLDD/1a6Oo3f45yrKKjNITM=,1EZ+9Gk5R8FM72UDevnS/g0wjjM=
-19,-92,z0f2YLDD/1a6Oo3f45yrKKjNITM=,1EZ+9Gk5R8FM72UDevnS/g0wjjM=
-18,-92,z0f2YLDD/1a6Oo3f45yrKKjNITM=,1EZ+9Gk5R8FM72UDevnS/g0wjjM=
-22,-90,z0f2YLDD/1a6Oo3f45yrKKjNITM=,1EZ+9Gk5R8FM72UDevnS/g0wjjM=
-17,-92,z0f2YLDD/1a6Oo3f45yrKKjNITM=,1EZ+9Gk5R8FM72UDevnS/g0wjjM=
-24,-91,z0f2YLDD/1a6Oo3f45yrKKjNITM=,1EZ+9Gk5R8FM72UDevnS/g0wjjM=
-23,-91,z0f2YLDD/1a6Oo3f45yrKKjNITM=,1EZ+9Gk5R8FM72UDevnS/g0wjjM=
-22,-91,z0f2YLDD/1a6Oo3f45yrKKjNITM=,1EZ+9Gk5R8FM72UDevnS/g0wjjM=
-21,-91,z0f2YLDD/1a6Oo3f45yrKKjNITM=,1EZ+9Gk5R8FM72UDevnS/g0wjjM=
-20,-91,z0f2YLDD/1a6Oo3f45yrKKjNITM=,1EZ+9Gk5R8FM72UDevnS/g0wjjM=
-19,-91,z0f2YLDD/1a6Oo3f45yrKKjNITM=,1EZ+9Gk5R8FM72UDevnS/g0wjjM=
-18,-91,z0f2YLDD/1a6Oo3f45yrKKjNITM=,1EZ+9Gk5R8FM72UDevnS/g0wjjM=
-24,-90,z0f2YLDD/1a6Oo3f45yrKKjNITM=,1EZ+9Gk5R8FM72UDevnS/g0wjjM=
-17,-91,z0f2YLDD/1a6Oo3f45yrKKjNITM=,1EZ+9Gk5R8FM72UDevnS/g0wjjM=
-23,-90,z0f2YLDD/1a6Oo3f45yrKKjNITM=,1EZ+9Gk5R8FM72UDevnS/g0wjjM=
-20,-81,z0f2YLDD/1a6Oo3f45yrKKjNITM=,bOXnKA69Oebf3626J8vUjgZ4s4w=
-21,-81,z0f2YLDD/1a6Oo3f45yrKKjNITM=,bOXnKA69Oebf3626J8vUjgZ4s4w=
-19,-81,z0f2YLDD/1a6Oo3f45yrKKjNITM=,bOXnKA69Oebf3626J8vUjgZ4s4w=
-22,-81,z0f2YLDD/1a6Oo3f45yrKKjNITM=,bOXnKA69Oebf3626J8vUjgZ4s4w=
-19,-82,z0f2YLDD/1a6Oo3f45yrKKjNITM=,bOXnKA69Oebf3626J8vUjgZ4s4w=
-20,-89,z0f2YLDD/1a6Oo3f45yrKKjNITM=,1EZ+9Gk5R8FM72UDevnS/g0wjjM=
-21,-82,z0f2YLDD/1a6Oo3f45yrKKjNITM=,bOXnKA69Oebf3626J8vUjgZ4s4w=
-20,-82,z0f2YLDD/1a6Oo3f45yrKKjNITM=,bOXnKA69Oebf3626J8vUjgZ4s4w=
-22,-89,z0f2YLDD/1a6Oo3f45yrKKjNITM=,1EZ+9Gk5R8FM72UDevnS/g0wjjM=
-24,-89,z0f2YLDD/1a6Oo3f45yrKKjNITM=,1EZ+9Gk5R8FM72UDevnS/g0wjjM=
-21,-89,z0f2YLDD/1a6Oo3f45yrKKjNITM=,1EZ+9Gk5R8FM72UDevnS/g0wjjM=
-23,-89,z0f2YLDD/1a6Oo3f45yrKKjNITM=,1EZ+9Gk5R8FM72UDevnS/g0wjjM=
-18,-81,z0f2YLDD/1a6Oo3f45yrKKjNITM=,bOXnKA69Oebf3626J8vUjgZ4s4w=
-19,-83,z0f2YLDD/1a6Oo3f45yrKKjNITM=,bOXnKA69Oebf3626J8vUjgZ4s4w=
-20,-83,z0f2YLDD/1a6Oo3f45yrKKjNITM=,bOXnKA69Oebf3626J8vUjgZ4s4w=
-23,-85,z0f2YLDD/1a6Oo3f45yrKKjNITM=,bOXnKA69Oebf3626J8vUjgZ4s4w=
-18,-82,z0f2YLDD/1a6Oo3f45yrKKjNITM=,bOXnKA69Oebf3626J8vUjgZ4s4w=
-25,-84,z0f2YLDD/1a6Oo3f45yrKKjNITM=,vEPL8XrUXh7YhVdrz3Qlzz7qTsc=
-17,-85,z0f2YLDD/1a6Oo3f45yrKKjNITM=,bOXnKA69Oebf3626J8vUjgZ4s4w=
-21,-83,z0f2YLDD/1a6Oo3f45yrKKjNITM=,bOXnKA69Oebf3626J8vUjgZ4s4w=
-23,-82,z0f2YLDD/1a6Oo3f45yrKKjNITM=,bOXnKA69Oebf3626J8vUjgZ4s4w=
-17,-84,z0f2YLDD/1a6Oo3f45yrKKjNITM=,bOXnKA69Oebf3626J8vUjgZ4s4w=
-22,-82,z0f2YLDD/1a6Oo3f45yrKKjNITM=,bOXnKA69Oebf3626J8vUjgZ4s4w=
-18,-85,z0f2YLDD/1a6Oo3f45yrKKjNITM=,bOXnKA69Oebf3626J8vUjgZ4s4w=
-24,-85,z0f2YLDD/1a6Oo3f45yrKKjNITM=,bOXnKA69Oebf3626J8vUjgZ4s4w=
-17,-82,z0f2YLDD/1a6Oo3f45yrKKjNITM=,bOXnKA69Oebf3626J8vUjgZ4s4w=
-18,-84,z0f2YLDD/1a6Oo3f45yrKKjNITM=,bOXnKA69Oebf3626J8vUjgZ4s4w=
-19,-89,z0f2YLDD/1a6Oo3f45yrKKjNITM=,1EZ+9Gk5R8FM72UDevnS/g0wjjM=
-24,-82,z0f2YLDD/1a6Oo3f45yrKKjNITM=,bOXnKA69Oebf3626J8vUjgZ4s4w=
-23,-86,z0f2YLDD/1a6Oo3f45yrKKjNITM=,bOXnKA69Oebf3626J8vUjgZ4s4w=
-17,-83,z0f2YLDD/1a6Oo3f45yrKKjNITM=,bOXnKA69Oebf3626J8vUjgZ4s4w=
-25,-85,z0f2YLDD/1a6Oo3f45yrKKjNITM=,vEPL8XrUXh7YhVdrz3Qlzz7qTsc=
-19,-85,z0f2YLDD/1a6Oo3f45yrKKjNITM=,bOXnKA69Oebf3626J8vUjgZ4s4w=
-23,-81,z0f2YLDD/1a6Oo3f45yrKKjNITM=,bOXnKA69Oebf3626J8vUjgZ4s4w=
-19,-84,z0f2YLDD/1a6Oo3f45yrKKjNITM=,bOXnKA69Oebf3626J8vUjgZ4s4w=
-22,-83,z0f2YLDD/1a6Oo3f45yrKKjNITM=,bOXnKA69Oebf3626J8vUjgZ4s4w=
-24,-81,z0f2YLDD/1a6Oo3f45yrKKjNITM=,bOXnKA69Oebf3626J8vUjgZ4s4w=
-24,-88,z0f2YLDD/1a6Oo3f45yrKKjNITM=,bOXnKA69Oebf3626J8vUjgZ4s4w=
-25,-86,z0f2YLDD/1a6Oo3f45yrKKjNITM=,vEPL8XrUXh7YhVdrz3Qlzz7qTsc=
-21,-88,z0f2YLDD/1a6Oo3f45yrKKjNITM=,bOXnKA69Oebf3626J8vUjgZ4s4w=
-17,-86,z0f2YLDD/1a6Oo3f45yrKKjNITM=,bOXnKA69Oebf3626J8vUjgZ4s4w=
-20,-84,z0f2YLDD/1a6Oo3f45yrKKjNITM=,bOXnKA69Oebf3626J8vUjgZ4s4w=
-18,-86,z0f2YLDD/1a6Oo3f45yrKKjNITM=,bOXnKA69Oebf3626J8vUjgZ4s4w=
-20,-85,z0f2YLDD/1a6Oo3f45yrKKjNITM=,bOXnKA69Oebf3626J8vUjgZ4s4w=
-21,-84,z0f2YLDD/1a6Oo3f45yrKKjNITM=,bOXnKA69Oebf3626J8vUjgZ4s4w=
-25,-87,z0f2YLDD/1a6Oo3f45yrKKjNITM=,vEPL8XrUXh7YhVdrz3Qlzz7qTsc=
-24,-83,z0f2YLDD/1a6Oo3f45yrKKjNITM=,bOXnKA69Oebf3626J8vUjgZ4s4w=
-19,-86,z0f2YLDD/1a6Oo3f45yrKKjNITM=,bOXnKA69Oebf3626J8vUjgZ4s4w=
-25,-81,z0f2YLDD/1a6Oo3f45yrKKjNITM=,vEPL8XrUXh7YhVdrz3Qlzz7qTsc=
-25,-88,z0f2YLDD/1a6Oo3f45yrKKjNITM=,vEPL8XrUXh7YhVdrz3Qlzz7qTsc=
-18,-83,z0f2YLDD/1a6Oo3f45yrKKjNITM=,bOXnKA69Oebf3626J8vUjgZ4s4w=
-22,-84,z0f2YLDD/1a6Oo3f45yrKKjNITM=,bOXnKA69Oebf3626J8vUjgZ4s4w=
-20,-88,z0f2YLDD/1a6Oo3f45yrKKjNITM=,bOXnKA69Oebf3626J8vUjgZ4s4w=
-20,-86,z0f2YLDD/1a6Oo3f45yrKKjNITM=,bOXnKA69Oebf3626J8vUjgZ4s4w=
-23,-83,z0f2YLDD/1a6Oo3f45yrKKjNITM=,bOXnKA69Oebf3626J8vUjgZ4s4w=
-24,-86,z0f2YLDD/1a6Oo3f45yrKKjNITM=,bOXnKA69Oebf3626J8vUjgZ4s4w=
-22,-87,z0f2YLDD/1a6Oo3f45yrKKjNITM=,bOXnKA69Oebf3626J8vUjgZ4s4w=
-17,-81,z0f2YLDD/1a6Oo3f45yrKKjNITM=,bOXnKA69Oebf3626J8vUjgZ4s4w=
-21,-86,z0f2YLDD/1a6Oo3f45yrKKjNITM=,bOXnKA69Oebf3626J8vUjgZ4s4w=
-21,-85,z0f2YLDD/1a6Oo3f45yrKKjNITM=,bOXnKA69Oebf3626J8vUjgZ4s4w=
-17,-87,z0f2YLDD/1a6Oo3f45yrKKjNITM=,bOXnKA69Oebf3626J8vUjgZ4s4w=
-18,-87,z0f2YLDD/1a6Oo3f45yrKKjNITM=,bOXnKA69Oebf3626J8vUjgZ4s4w=
-18,-89,z0f2YLDD/1a6Oo3f45yrKKjNITM=,1EZ+9Gk5R8FM72UDevnS/g0wjjM=
-22,-86,z0f2YLDD/1a6Oo3f45yrKKjNITM=,bOXnKA69Oebf3626J8vUjgZ4s4w=
-19,-87,z0f2YLDD/1a6Oo3f45yrKKjNITM=,bOXnKA69Oebf3626J8vUjgZ4s4w=
-22,-88,z0f2YLDD/1a6Oo3f45yrKKjNITM=,bOXnKA69Oebf3626J8vUjgZ4s4w=
-20,-87,z0f2YLDD/1a6Oo3f45yrKKjNITM=,bOXnKA69Oebf3626J8vUjgZ4s4w=
-25,-83,z0f2YLDD/1a6Oo3f45yrKKjNITM=,vEPL8XrUXh7YhVdrz3Qlzz7qTsc=
-25,-82,z0f2YLDD/1a6Oo3f45yrKKjNITM=,vEPL8XrUXh7YhVdrz3Qlzz7qTsc=
-23,-87,z0f2YLDD/1a6Oo3f45yrKKjNITM=,bOXnKA69Oebf3626J8vUjgZ4s4w=
-23,-84,z0f2YLDD/1a6Oo3f45yrKKjNITM=,bOXnKA69Oebf3626J8vUjgZ4s4w=
-23,-88,z0f2YLDD/1a6Oo3f45yrKKjNITM=,bOXnKA69Oebf3626J8vUjgZ4s4w=
-24,-87,z0f2YLDD/1a6Oo3f45yrKKjNITM=,bOXnKA69Oebf3626J8vUjgZ4s4w=
-19,-88,z0f2YLDD/1a6Oo3f45yrKKjNITM=,bOXnKA69Oebf3626J8vUjgZ4s4w=
-21,-87,z0f2YLDD/1a6Oo3f45yrKKjNITM=,bOXnKA69Oebf3626J8vUjgZ4s4w=
-24,-84,z0f2YLDD/1a6Oo3f45yrKKjNITM=,bOXnKA69Oebf3626J8vUjgZ4s4w=
-17,-88,z0f2YLDD/1a6Oo3f45yrKKjNITM=,bOXnKA69Oebf3626J8vUjgZ4s4w=
-17,-89,z0f2YLDD/1a6Oo3f45yrKKjNITM=,1EZ+9Gk5R8FM72UDevnS/g0wjjM=
-18,-88,z0f2YLDD/1a6Oo3f45yrKKjNITM=,bOXnKA69Oebf3626J8vUjgZ4s4w=
-22,-85,z0f2YLDD/1a6Oo3f45yrKKjNITM=,bOXnKA69Oebf3626J8vUjgZ4s4w=
-30,-77,k9JJWYTNRXuO5VvSS+qxeAcIXew=,UNO2ue0+aSO5So1rOWusHTN+IKc=
-28,-77,k9JJWYTNRXuO5VvSS+qxeAcIXew=,UNO2ue0+aSO5So1rOWusHTN+IKc=
-29,-77,k9JJWYTNRXuO5VvSS+qxeAcIXew=,UNO2ue0+aSO5So1rOWusHTN+IKc=
-31,-77,k9JJWYTNRXuO5VvSS+qxeAcIXew=,UNO2ue0+aSO5So1rOWusHTN+IKc=
-27,-77,k9JJWYTNRXuO5VvSS+qxeAcIXew=,UNO2ue0+aSO5So1rOWusHTN+IKc=
-26,-77,k9JJWYTNRXuO5VvSS+qxeAcIXew=,UNO2ue0+aSO5So1rOWusHTN+IKc=
-31,-76,k9JJWYTNRXuO5VvSS+qxeAcIXew=,UNO2ue0+aSO5So1rOWusHTN+IKc=
-26,-78,k9JJWYTNRXuO5VvSS+qxeAcIXew=,UNO2ue0+aSO5So1rOWusHTN+IKc=
-30,-76,jqkrIn9vbv5He2GhsoMlOLxynjs=,UNO2ue0+aSO5So1rOWusHTN+IKc=
-26,-74,NFpJcQOuGb72u78v6WVUCenr5pQ=,UNO2ue0+aSO5So1rOWusHTN+IKc=
-27,-78,NFpJcQOuGb72u78v6WVUCenr5pQ=,UNO2ue0+aSO5So1rOWusHTN+IKc=
-29,-76,NFpJcQOuGb72u78v6WVUCenr5pQ=,UNO2ue0+aSO5So1rOWusHTN+IKc=
-28,-76,NFpJcQOuGb72u78v6WVUCenr5pQ=,UNO2ue0+aSO5So1rOWusHTN+IKc=
-27,-76,NFpJcQOuGb72u78v6WVUCenr5pQ=,UNO2ue0+aSO5So1rOWusHTN+IKc=
-26,-76,NFpJcQOuGb72u78v6WVUCenr5pQ=,UNO2ue0+aSO5So1rOWusHTN+IKc=
-31,-75,NFpJcQOuGb72u78v6WVUCenr5pQ=,UNO2ue0+aSO5So1rOWusHTN+IKc=
-27,-74,NFpJcQOuGb72u78v6WVUCenr5pQ=,UNO2ue0+aSO5So1rOWusHTN+IKc=
-28,-78,NFpJcQOuGb72u78v6WVUCenr5pQ=,UNO2ue0+aSO5So1rOWusHTN+IKc=
-30,-75,NFpJcQOuGb72u78v6WVUCenr5pQ=,UNO2ue0+aSO5So1rOWusHTN+IKc=
-29,-78,NFpJcQOuGb72u78v6WVUCenr5pQ=,UNO2ue0+aSO5So1rOWusHTN+IKc=
-30,-78,NFpJcQOuGb72u78v6WVUCenr5pQ=,UNO2ue0+aSO5So1rOWusHTN+IKc=
-31,-78,NFpJcQOuGb72u78v6WVUCenr5pQ=,UNO2ue0+aSO5So1rOWusHTN+IKc=
-28,-74,NFpJcQOuGb72u78v6WVUCenr5pQ=,UNO2ue0+aSO5So1rOWusHTN+IKc=
-29,-75,NFpJcQOuGb72u78v6WVUCenr5pQ=,UNO2ue0+aSO5So1rOWusHTN+IKc=
-28,-75,NFpJcQOuGb72u78v6WVUCenr5pQ=,UNO2ue0+aSO5So1rOWusHTN+IKc=
-27,-75,NFpJcQOuGb72u78v6WVUCenr5pQ=,UNO2ue0+aSO5So1rOWusHTN+IKc=
-29,-74,NFpJcQOuGb72u78v6WVUCenr5pQ=,UNO2ue0+aSO5So1rOWusHTN+IKc=
-26,-75,NFpJcQOuGb72u78v6WVUCenr5pQ=,UNO2ue0+aSO5So1rOWusHTN+IKc=
-31,-74,NFpJcQOuGb72u78v6WVUCenr5pQ=,UNO2ue0+aSO5So1rOWusHTN+IKc=
-31,-79,NFpJcQOuGb72u78v6WVUCenr5pQ=,UNO2ue0+aSO5So1rOWusHTN+IKc=
-30,-79,NFpJcQOuGb72u78v6WVUCenr5pQ=,UNO2ue0+aSO5So1rOWusHTN+IKc=
-26,-79,NFpJcQOuGb72u78v6WVUCenr5pQ=,UNO2ue0+aSO5So1rOWusHTN+IKc=
-30,-74,NFpJcQOuGb72u78v6WVUCenr5pQ=,UNO2ue0+aSO5So1rOWusHTN+IKc=
-27,-79,NFpJcQOuGb72u78v6WVUCenr5pQ=,UNO2ue0+aSO5So1rOWusHTN+IKc=
-29,-79,NFpJcQOuGb72u78v6WVUCenr5pQ=,UNO2ue0+aSO5So1rOWusHTN+IKc=
-28,-79,NFpJcQOuGb72u78v6WVUCenr5pQ=,UNO2ue0+aSO5So1rOWusHTN+IKc=
-23,-67,NFpJcQOuGb72u78v6WVUCenr5pQ=,ko978U53yRzr89zab/5mnramso8=
-23,-69,NFpJcQOuGb72u78v6WVUCenr5pQ=,ko978U53yRzr89zab/5mnramso8=
-23,-70,NFpJcQOuGb72u78v6WVUCenr5pQ=,ko978U53yRzr89zab/5mnramso8=
-19,-67,NFpJcQOuGb72u78v6WVUCenr5pQ=,ko978U53yRzr89zab/5mnramso8=
-21,-71,NFpJcQOuGb72u78v6WVUCenr5pQ=,ko978U53yRzr89zab/5mnramso8=
-22,-69,NFpJcQOuGb72u78v6WVUCenr5pQ=,ko978U53yRzr89zab/5mnramso8=
-18,-67,NFpJcQOuGb72u78v6WVUCenr5pQ=,ko978U53yRzr89zab/5mnramso8=
-21,-69,NFpJcQOuGb72u78v6WVUCenr5pQ=,ko978U53yRzr89zab/5mnramso8=
-23,-71,NFpJcQOuGb72u78v6WVUCenr5pQ=,ko978U53yRzr89zab/5mnramso8=
-20,-75,NFpJcQOuGb72u78v6WVUCenr5pQ=,opv4YEd3mh1LrLGLXIlXa7jIjco=
-23,-66,NFpJcQOuGb72u78v6WVUCenr5pQ=,ko978U53yRzr89zab/5mnramso8=
-19,-75,NFpJcQOuGb72u78v6WVUCenr5pQ=,opv4YEd3mh1LrLGLXIlXa7jIjco=
-18,-75,NFpJcQOuGb72u78v6WVUCenr5pQ=,opv4YEd3mh1LrLGLXIlXa7jIjco=
-22,-71,NFpJcQOuGb72u78v6WVUCenr5pQ=,ko978U53yRzr89zab/5mnramso8=
-23,-72,NFpJcQOuGb72u78v6WVUCenr5pQ=,ko978U53yRzr89zab/5mnramso8=
-22,-70,NFpJcQOuGb72u78v6WVUCenr5pQ=,ko978U53yRzr89zab/5mnramso8=
-19,-72,NFpJcQOuGb72u78v6WVUCenr5pQ=,ko978U53yRzr89zab/5mnramso8=
-20,-69,NFpJcQOuGb72u78v6WVUCenr5pQ=,ko978U53yRzr89zab/5mnramso8=
-22,-66,NFpJcQOuGb72u78v6WVUCenr5pQ=,ko978U53yRzr89zab/5mnramso8=
-24,-74,NFpJcQOuGb72u78v6WVUCenr5pQ=,opv4YEd3mh1LrLGLXIlXa7jIjco=
-25,-77,NFpJcQOuGb72u78v6WVUCenr5pQ=,UNO2ue0+aSO5So1rOWusHTN+IKc=
-22,-72,NFpJcQOuGb72u78v6WVUCenr5pQ=,ko978U53yRzr89zab/5mnramso8=
-23,-74,NFpJcQOuGb72u78v6WVUCenr5pQ=,opv4YEd3mh1LrLGLXIlXa7jIjco=
-21,-70,NFpJcQOuGb72u78v6WVUCenr5pQ=,ko978U53yRzr89zab/5mnramso8=
-22,-74,NFpJcQOuGb72u78v6WVUCenr5pQ=,opv4YEd3mh1LrLGLXIlXa7jIjco=
-21,-66,NFpJcQOuGb72u78v6WVUCenr5pQ=,ko978U53yRzr89zab/5mnramso8=
-20,-66,NFpJcQOuGb72u78v6WVUCenr5pQ=,ko978U53yRzr89zab/5mnramso8=
-20,-67,NFpJcQOuGb72u78v6WVUCenr5pQ=,ko978U53yRzr89zab/5mnramso8=
-24,-67,NFpJcQOuGb72u78v6WVUCenr5pQ=,ko978U53yRzr89zab/5mnramso8=
-21,-74,NFpJcQOuGb72u78v6WVUCenr5pQ=,opv4YEd3mh1LrLGLXIlXa7jIjco=
-21,-67,NFpJcQOuGb72u78v6WVUCenr5pQ=,ko978U53yRzr89zab/5mnramso8=
-20,-70,NFpJcQOuGb72u78v6WVUCenr5pQ=,ko978U53yRzr89zab/5mnramso8=
-29,-69,NFpJcQOuGb72u78v6WVUCenr5pQ=,8i1ELR1Od87WFTO1YV1yyYFyDSc=
-18,-72,NFpJcQOuGb72u78v6WVUCenr5pQ=,ko978U53yRzr89zab/5mnramso8=
-25,-73,NFpJcQOuGb72u78v6WVUCenr5pQ=,UNO2ue0+aSO5So1rOWusHTN+IKc=
-26,-73,NFpJcQOuGb72u78v6WVUCenr5pQ=,UNO2ue0+aSO5So1rOWusHTN+IKc=
-31,-69,NFpJcQOuGb72u78v6WVUCenr5pQ=,8i1ELR1Od87WFTO1YV1yyYFyDSc=
-30,-69,NFpJcQOuGb72u78v6WVUCenr5pQ=,8i1ELR1Od87WFTO1YV1yyYFyDSc=
-27,-73,NFpJcQOuGb72u78v6WVUCenr5pQ=,UNO2ue0+aSO5So1rOWusHTN+IKc=
-28,-73,NFpJcQOuGb72u78v6WVUCenr5pQ=,UNO2ue0+aSO5So1rOWusHTN+IKc=
-20,-74,NFpJcQOuGb72u78v6WVUCenr5pQ=,opv4YEd3mh1LrLGLXIlXa7jIjco=
-21,-75,NFpJcQOuGb72u78v6WVUCenr5pQ=,opv4YEd3mh1LrLGLXIlXa7jIjco=
-19,-74,NFpJcQOuGb72u78v6WVUCenr5pQ=,opv4YEd3mh1LrLGLXIlXa7jIjco=
-18,-74,NFpJcQOuGb72u78v6WVUCenr5pQ=,opv4YEd3mh1LrLGLXIlXa7jIjco=
-28,-69,NFpJcQOuGb72u78v6WVUCenr5pQ=,8i1ELR1Od87WFTO1YV1yyYFyDSc=
-19,-68,NFpJcQOuGb72u78v6WVUCenr5pQ=,ko978U53yRzr89zab/5mnramso8=
-22,-75,NFpJcQOuGb72u78v6WVUCenr5pQ=,opv4YEd3mh1LrLGLXIlXa7jIjco=
-25,-78,NFpJcQOuGb72u78v6WVUCenr5pQ=,UNO2ue0+aSO5So1rOWusHTN+IKc=
-24,-72,NFpJcQOuGb72u78v6WVUCenr5pQ=,ko978U53yRzr89zab/5mnramso8=
-23,-73,NFpJcQOuGb72u78v6WVUCenr5pQ=,opv4YEd3mh1LrLGLXIlXa7jIjco=
-24,-75,NFpJcQOuGb72u78v6WVUCenr5pQ=,opv4YEd3mh1LrLGLXIlXa7jIjco=
-27,-69,NFpJcQOuGb72u78v6WVUCenr5pQ=,8i1ELR1Od87WFTO1YV1yyYFyDSc=
-29,-73,NFpJcQOuGb72u78v6WVUCenr5pQ=,UNO2ue0+aSO5So1rOWusHTN+IKc=
-25,-74,NFpJcQOuGb72u78v6WVUCenr5pQ=,UNO2ue0+aSO5So1rOWusHTN+IKc=
-21,-72,NFpJcQOuGb72u78v6WVUCenr5pQ=,ko978U53yRzr89zab/5mnramso8=
-26,-69,NFpJcQOuGb72u78v6WVUCenr5pQ=,8i1ELR1Od87WFTO1YV1yyYFyDSc=
-18,-69,NFpJcQOuGb72u78v6WVUCenr5pQ=,ko978U53yRzr89zab/5mnramso8=
-22,-67,NFpJcQOuGb72u78v6WVUCenr5pQ=,ko978U53yRzr89zab/5mnramso8=
-18,-76,NFpJcQOuGb72u78v6WVUCenr5pQ=,opv4YEd3mh1LrLGLXIlXa7jIjco=
-20,-72,NFpJcQOuGb72u78v6WVUCenr5pQ=,ko978U53yRzr89zab/5mnramso8=
-25,-69,NFpJcQOuGb72u78v6WVUCenr5pQ=,8i1ELR1Od87WFTO1YV1yyYFyDSc=
-19,-76,NFpJcQOuGb72u78v6WVUCenr5pQ=,opv4YEd3mh1LrLGLXIlXa7jIjco=
-24,-66,NFpJcQOuGb72u78v6WVUCenr5pQ=,ko978U53yRzr89zab/5mnramso8=
-25,-76,NFpJcQOuGb72u78v6WVUCenr5pQ=,UNO2ue0+aSO5So1rOWusHTN+IKc=
-20,-76,NFpJcQOuGb72u78v6WVUCenr5pQ=,opv4YEd3mh1LrLGLXIlXa7jIjco=
-24,-68,NFpJcQOuGb72u78v6WVUCenr5pQ=,ko978U53yRzr89zab/5mnramso8=
-20,-68,NFpJcQOuGb72u78v6WVUCenr5pQ=,ko978U53yRzr89zab/5mnramso8=
-24,-71,NFpJcQOuGb72u78v6WVUCenr5pQ=,ko978U53yRzr89zab/5mnramso8=
-24,-70,NFpJcQOuGb72u78v6WVUCenr5pQ=,ko978U53yRzr89zab/5mnramso8=
-24,-73,NFpJcQOuGb72u78v6WVUCenr5pQ=,opv4YEd3mh1LrLGLXIlXa7jIjco=
-30,-73,NFpJcQOuGb72u78v6WVUCenr5pQ=,UNO2ue0+aSO5So1rOWusHTN+IKc=
-22,-73,NFpJcQOuGb72u78v6WVUCenr5pQ=,opv4YEd3mh1LrLGLXIlXa7jIjco=
-31,-68,NFpJcQOuGb72u78v6WVUCenr5pQ=,8i1ELR1Od87WFTO1YV1yyYFyDSc=
-30,-68,NFpJcQOuGb72u78v6WVUCenr5pQ=,8i1ELR1Od87WFTO1YV1yyYFyDSc=
-29,-68,NFpJcQOuGb72u78v6WVUCenr5pQ=,8i1ELR1Od87WFTO1YV1yyYFyDSc=
-21,-76,NFpJcQOuGb72u78v6WVUCenr5pQ=,opv4YEd3mh1LrLGLXIlXa7jIjco=
-28,-68,NFpJcQOuGb72u78v6WVUCenr5pQ=,8i1ELR1Od87WFTO1YV1yyYFyDSc=
-18,-71,NFpJcQOuGb72u78v6WVUCenr5pQ=,ko978U53yRzr89zab/5mnramso8=
-19,-70,NFpJcQOuGb72u78v6WVUCenr5pQ=,ko978U53yRzr89zab/5mnramso8=
-27,-68,NFpJcQOuGb72u78v6WVUCenr5pQ=,8i1ELR1Od87WFTO1YV1yyYFyDSc=
-31,-73,NFpJcQOuGb72u78v6WVUCenr5pQ=,UNO2ue0+aSO5So1rOWusHTN+IKc=
-19,-66,NFpJcQOuGb72u78v6WVUCenr5pQ=,ko978U53yRzr89zab/5mnramso8=
-26,-68,NFpJcQOuGb72u78v6WVUCenr5pQ=,8i1ELR1Od87WFTO1YV1yyYFyDSc=
-18,-68,NFpJcQOuGb72u78v6WVUCenr5pQ=,ko978U53yRzr89zab/5mnramso8=
-25,-70,NFpJcQOuGb72u78v6WVUCenr5pQ=,8i1ELR1Od87WFTO1YV1yyYFyDSc=
-19,-69,NFpJcQOuGb72u78v6WVUCenr5pQ=,ko978U53yRzr89zab/5mnramso8=
-20,-71,NFpJcQOuGb72u78v6WVUCenr5pQ=,ko978U53yRzr89zab/5mnramso8=
-26,-70,NFpJcQOuGb72u78v6WVUCenr5pQ=,8i1ELR1Od87WFTO1YV1yyYFyDSc=
-18,-70,NFpJcQOuGb72u78v6WVUCenr5pQ=,ko978U53yRzr89zab/5mnramso8=
-27,-70,NFpJcQOuGb72u78v6WVUCenr5pQ=,8i1ELR1Od87WFTO1YV1yyYFyDSc=
-22,-76,NFpJcQOuGb72u78v6WVUCenr5pQ=,opv4YEd3mh1LrLGLXIlXa7jIjco=
-25,-68,NFpJcQOuGb72u78v6WVUCenr5pQ=,8i1ELR1Od87WFTO1YV1yyYFyDSc=
-23,-68,NFpJcQOuGb72u78v6WVUCenr5pQ=,ko978U53yRzr89zab/5mnramso8=
-31,-67,NFpJcQOuGb72u78v6WVUCenr5pQ=,8i1ELR1Od87WFTO1YV1yyYFyDSc=
-30,-67,NFpJcQOuGb72u78v6WVUCenr5pQ=,8i1ELR1Od87WFTO1YV1yyYFyDSc=
-29,-67,NFpJcQOuGb72u78v6WVUCenr5pQ=,8i1ELR1Od87WFTO1YV1yyYFyDSc=
-28,-70,NFpJcQOuGb72u78v6WVUCenr5pQ=,8i1ELR1Od87WFTO1YV1yyYFyDSc=
-23,-76,NFpJcQOuGb72u78v6WVUCenr5pQ=,opv4YEd3mh1LrLGLXIlXa7jIjco=
-18,-66,NFpJcQOuGb72u78v6WVUCenr5pQ=,ko978U53yRzr89zab/5mnramso8=
-28,-67,NFpJcQOuGb72u78v6WVUCenr5pQ=,8i1ELR1Od87WFTO1YV1yyYFyDSc=
-24,-76,NFpJcQOuGb72u78v6WVUCenr5pQ=,opv4YEd3mh1LrLGLXIlXa7jIjco=
-18,-77,NFpJcQOuGb72u78v6WVUCenr5pQ=,opv4YEd3mh1LrLGLXIlXa7jIjco=
-19,-71,NFpJcQOuGb72u78v6WVUCenr5pQ=,ko978U53yRzr89zab/5mnramso8=
-29,-70,NFpJcQOuGb72u78v6WVUCenr5pQ=,8i1ELR1Od87WFTO1YV1yyYFyDSc=
-27,-67,NFpJcQOuGb72u78v6WVUCenr5pQ=,8i1ELR1Od87WFTO1YV1yyYFyDSc=
-25,-79,NFpJcQOuGb72u78v6WVUCenr5pQ=,UNO2ue0+aSO5So1rOWusHTN+IKc=
-22,-68,NFpJcQOuGb72u78v6WVUCenr5pQ=,ko978U53yRzr89zab/5mnramso8=
-30,-70,NFpJcQOuGb72u78v6WVUCenr5pQ=,8i1ELR1Od87WFTO1YV1yyYFyDSc=
-21,-68,NFpJcQOuGb72u78v6WVUCenr5pQ=,ko978U53yRzr89zab/5mnramso8=
-31,-70,NFpJcQOuGb72u78v6WVUCenr5pQ=,8i1ELR1Od87WFTO1YV1yyYFyDSc=
-26,-67,NFpJcQOuGb72u78v6WVUCenr5pQ=,8i1ELR1Od87WFTO1YV1yyYFyDSc=
-19,-77,NFpJcQOuGb72u78v6WVUCenr5pQ=,opv4YEd3mh1LrLGLXIlXa7jIjco=
-25,-71,NFpJcQOuGb72u78v6WVUCenr5pQ=,8i1ELR1Od87WFTO1YV1yyYFyDSc=
-26,-71,NFpJcQOuGb72u78v6WVUCenr5pQ=,8i1ELR1Od87WFTO1YV1yyYFyDSc=
-25,-67,NFpJcQOuGb72u78v6WVUCenr5pQ=,8i1ELR1Od87WFTO1YV1yyYFyDSc=
-27,-71,NFpJcQOuGb72u78v6WVUCenr5pQ=,8i1ELR1Od87WFTO1YV1yyYFyDSc=
-26,-66,NFpJcQOuGb72u78v6WVUCenr5pQ=,8i1ELR1Od87WFTO1YV1yyYFyDSc=
-24,-69,NFpJcQOuGb72u78v6WVUCenr5pQ=,ko978U53yRzr89zab/5mnramso8=
-27,-66,NFpJcQOuGb72u78v6WVUCenr5pQ=,8i1ELR1Od87WFTO1YV1yyYFyDSc=
-29,-71,NFpJcQOuGb72u78v6WVUCenr5pQ=,8i1ELR1Od87WFTO1YV1yyYFyDSc=
-30,-71,NFpJcQOuGb72u78v6WVUCenr5pQ=,8i1ELR1Od87WFTO1YV1yyYFyDSc=
-28,-66,NFpJcQOuGb72u78v6WVUCenr5pQ=,8i1ELR1Od87WFTO1YV1yyYFyDSc=
-28,-71,NFpJcQOuGb72u78v6WVUCenr5pQ=,8i1ELR1Od87WFTO1YV1yyYFyDSc=
-31,-72,NFpJcQOuGb72u78v6WVUCenr5pQ=,8i1ELR1Od87WFTO1YV1yyYFyDSc=
-30,-72,NFpJcQOuGb72u78v6WVUCenr5pQ=,8i1ELR1Od87WFTO1YV1yyYFyDSc=
-21,-77,NFpJcQOuGb72u78v6WVUCenr5pQ=,opv4YEd3mh1LrLGLXIlXa7jIjco=
-31,-71,NFpJcQOuGb72u78v6WVUCenr5pQ=,8i1ELR1Od87WFTO1YV1yyYFyDSc=
-29,-72,NFpJcQOuGb72u78v6WVUCenr5pQ=,8i1ELR1Od87WFTO1YV1yyYFyDSc=
-25,-72,NFpJcQOuGb72u78v6WVUCenr5pQ=,8i1ELR1Od87WFTO1YV1yyYFyDSc=
-22,-77,NFpJcQOuGb72u78v6WVUCenr5pQ=,opv4YEd3mh1LrLGLXIlXa7jIjco=
-29,-66,NFpJcQOuGb72u78v6WVUCenr5pQ=,8i1ELR1Od87WFTO1YV1yyYFyDSc=
-28,-72,NFpJcQOuGb72u78v6WVUCenr5pQ=,8i1ELR1Od87WFTO1YV1yyYFyDSc=
-26,-72,NFpJcQOuGb72u78v6WVUCenr5pQ=,8i1ELR1Od87WFTO1YV1yyYFyDSc=
-23,-75,NFpJcQOuGb72u78v6WVUCenr5pQ=,opv4YEd3mh1LrLGLXIlXa7jIjco=
-25,-75,NFpJcQOuGb72u78v6WVUCenr5pQ=,UNO2ue0+aSO5So1rOWusHTN+IKc=
-27,-72,NFpJcQOuGb72u78v6WVUCenr5pQ=,8i1ELR1Od87WFTO1YV1yyYFyDSc=
-24,-79,NFpJcQOuGb72u78v6WVUCenr5pQ=,opv4YEd3mh1LrLGLXIlXa7jIjco=
-18,-78,NFpJcQOuGb72u78v6WVUCenr5pQ=,opv4YEd3mh1LrLGLXIlXa7jIjco=
-23,-79,NFpJcQOuGb72u78v6WVUCenr5pQ=,opv4YEd3mh1LrLGLXIlXa7jIjco=
-30,-66,NFpJcQOuGb72u78v6WVUCenr5pQ=,8i1ELR1Od87WFTO1YV1yyYFyDSc=
-21,-73,NFpJcQOuGb72u78v6WVUCenr5pQ=,opv4YEd3mh1LrLGLXIlXa7jIjco=
-25,-66,NFpJcQOuGb72u78v6WVUCenr5pQ=,8i1ELR1Od87WFTO1YV1yyYFyDSc=
-19,-78,NFpJcQOuGb72u78v6WVUCenr5pQ=,opv4YEd3mh1LrLGLXIlXa7jIjco=
-20,-78,NFpJcQOuGb72u78v6WVUCenr5pQ=,opv4YEd3mh1LrLGLXIlXa7jIjco=
-20,-73,NFpJcQOuGb72u78v6WVUCenr5pQ=,opv4YEd3mh1LrLGLXIlXa7jIjco=
-21,-78,NFpJcQOuGb72u78v6WVUCenr5pQ=,opv4YEd3mh1LrLGLXIlXa7jIjco=
-19,-73,NFpJcQOuGb72u78v6WVUCenr5pQ=,opv4YEd3mh1LrLGLXIlXa7jIjco=
-22,-78,NFpJcQOuGb72u78v6WVUCenr5pQ=,opv4YEd3mh1LrLGLXIlXa7jIjco=
-23,-78,NFpJcQOuGb72u78v6WVUCenr5pQ=,opv4YEd3mh1LrLGLXIlXa7jIjco=
-22,-79,NFpJcQOuGb72u78v6WVUCenr5pQ=,opv4YEd3mh1LrLGLXIlXa7jIjco=
-24,-78,NFpJcQOuGb72u78v6WVUCenr5pQ=,opv4YEd3mh1LrLGLXIlXa7jIjco=
-18,-73,NFpJcQOuGb72u78v6WVUCenr5pQ=,opv4YEd3mh1LrLGLXIlXa7jIjco=
-18,-79,NFpJcQOuGb72u78v6WVUCenr5pQ=,opv4YEd3mh1LrLGLXIlXa7jIjco=
-20,-79,NFpJcQOuGb72u78v6WVUCenr5pQ=,opv4YEd3mh1LrLGLXIlXa7jIjco=
-19,-79,NFpJcQOuGb72u78v6WVUCenr5pQ=,opv4YEd3mh1LrLGLXIlXa7jIjco=
-21,-79,NFpJcQOuGb72u78v6WVUCenr5pQ=,opv4YEd3mh1LrLGLXIlXa7jIjco=
-20,-77,NFpJcQOuGb72u78v6WVUCenr5pQ=,opv4YEd3mh1LrLGLXIlXa7jIjco=
-31,-66,NFpJcQOuGb72u78v6WVUCenr5pQ=,8i1ELR1Od87WFTO1YV1yyYFyDSc=
-24,-77,NFpJcQOuGb72u78v6WVUCenr5pQ=,opv4YEd3mh1LrLGLXIlXa7jIjco=
-23,-77,NFpJcQOuGb72u78v6WVUCenr5pQ=,opv4YEd3mh1LrLGLXIlXa7jIjco=
-32,-76,NFpJcQOuGb72u78v6WVUCenr5pQ=,UNO2ue0+aSO5So1rOWusHTN+IKc=
-32,-77,wlzDoonKBDDGEH8Cl44pPAwin8U=,UNO2ue0+aSO5So1rOWusHTN+IKc=
-32,-78,wlzDoonKBDDGEH8Cl44pPAwin8U=,UNO2ue0+aSO5So1rOWusHTN+IKc=
-32,-79,wlzDoonKBDDGEH8Cl44pPAwin8U=,UNO2ue0+aSO5So1rOWusHTN+IKc=
-32,-74,wlzDoonKBDDGEH8Cl44pPAwin8U=,UNO2ue0+aSO5So1rOWusHTN+IKc=
-32,-75,wlzDoonKBDDGEH8Cl44pPAwin8U=,UNO2ue0+aSO5So1rOWusHTN+IKc=
-32,-68,wlzDoonKBDDGEH8Cl44pPAwin8U=,8i1ELR1Od87WFTO1YV1yyYFyDSc=
-20,-65,wlzDoonKBDDGEH8Cl44pPAwin8U=,ko978U53yRzr89zab/5mnramso8=
-32,-67,wlzDoonKBDDGEH8Cl44pPAwin8U=,8i1ELR1Od87WFTO1YV1yyYFyDSc=
-19,-65,wlzDoonKBDDGEH8Cl44pPAwin8U=,ko978U53yRzr89zab/5mnramso8=
-32,-72,wlzDoonKBDDGEH8Cl44pPAwin8U=,8i1ELR1Od87WFTO1YV1yyYFyDSc=
-18,-65,wlzDoonKBDDGEH8Cl44pPAwin8U=,ko978U53yRzr89zab/5mnramso8=
-32,-66,wlzDoonKBDDGEH8Cl44pPAwin8U=,8i1ELR1Od87WFTO1YV1yyYFyDSc=
-24,-65,wlzDoonKBDDGEH8Cl44pPAwin8U=,ko978U53yRzr89zab/5mnramso8=
-23,-65,wlzDoonKBDDGEH8Cl44pPAwin8U=,ko978U53yRzr89zab/5mnramso8=
-31,-65,wlzDoonKBDDGEH8Cl44pPAwin8U=,8i1ELR1Od87WFTO1YV1yyYFyDSc=
-32,-71,wlzDoonKBDDGEH8Cl44pPAwin8U=,8i1ELR1Od87WFTO1YV1yyYFyDSc=
-22,-65,wlzDoonKBDDGEH8Cl44pPAwin8U=,ko978U53yRzr89zab/5mnramso8=
-21,-65,wlzDoonKBDDGEH8Cl44pPAwin8U=,ko978U53yRzr89zab/5mnramso8=
-30,-65,wlzDoonKBDDGEH8Cl44pPAwin8U=,8i1ELR1Od87WFTO1YV1yyYFyDSc=
-32,-70,wlzDoonKBDDGEH8Cl44pPAwin8U=,8i1ELR1Od87WFTO1YV1yyYFyDSc=
-29,-65,wlzDoonKBDDGEH8Cl44pPAwin8U=,8i1ELR1Od87WFTO1YV1yyYFyDSc=
-32,-69,wlzDoonKBDDGEH8Cl44pPAwin8U=,8i1ELR1Od87WFTO1YV1yyYFyDSc=
-32,-73,wlzDoonKBDDGEH8Cl44pPAwin8U=,UNO2ue0+aSO5So1rOWusHTN+IKc=
-25,-65,wlzDoonKBDDGEH8Cl44pPAwin8U=,8i1ELR1Od87WFTO1YV1yyYFyDSc=
-28,-65,wlzDoonKBDDGEH8Cl44pPAwin8U=,8i1ELR1Od87WFTO1YV1yyYFyDSc=
-26,-65,wlzDoonKBDDGEH8Cl44pPAwin8U=,8i1ELR1Od87WFTO1YV1yyYFyDSc=
-27,-65,wlzDoonKBDDGEH8Cl44pPAwin8U=,8i1ELR1Od87WFTO1YV1yyYFyDSc=
-32,-65,8XsYkxwjtv+AcQR/mUgoy3rnUvc=,8i1ELR1Od87WFTO1YV1yyYFyDSc=
-17,-69,8XsYkxwjtv+AcQR/mUgoy3rnUvc=,ko978U53yRzr89zab/5mnramso8=
-17,-68,8XsYkxwjtv+AcQR/mUgoy3rnUvc=,ko978U53yRzr89zab/5mnramso8=
-17,-67,8XsYkxwjtv+AcQR/mUgoy3rnUvc=,ko978U53yRzr89zab/5mnramso8=
-17,-70,8XsYkxwjtv+AcQR/mUgoy3rnUvc=,ko978U53yRzr89zab/5mnramso8=
-17,-66,8XsYkxwjtv+AcQR/mUgoy3rnUvc=,ko978U53yRzr89zab/5mnramso8=
-23,-80,8XsYkxwjtv+AcQR/mUgoy3rnUvc=,opv4YEd3mh1LrLGLXIlXa7jIjco=
-17,-71,8XsYkxwjtv+AcQR/mUgoy3rnUvc=,ko978U53yRzr89zab/5mnramso8=
-22,-80,8XsYkxwjtv+AcQR/mUgoy3rnUvc=,opv4YEd3mh1LrLGLXIlXa7jIjco=
-21,-80,8XsYkxwjtv+AcQR/mUgoy3rnUvc=,opv4YEd3mh1LrLGLXIlXa7jIjco=
-17,-75,8XsYkxwjtv+AcQR/mUgoy3rnUvc=,opv4YEd3mh1LrLGLXIlXa7jIjco=
-18,-80,8XsYkxwjtv+AcQR/mUgoy3rnUvc=,opv4YEd3mh1LrLGLXIlXa7jIjco=
-20,-80,8XsYkxwjtv+AcQR/mUgoy3rnUvc=,opv4YEd3mh1LrLGLXIlXa7jIjco=
-17,-76,8XsYkxwjtv+AcQR/mUgoy3rnUvc=,opv4YEd3mh1LrLGLXIlXa7jIjco=
-19,-80,8XsYkxwjtv+AcQR/mUgoy3rnUvc=,opv4YEd3mh1LrLGLXIlXa7jIjco=
-17,-72,8XsYkxwjtv+AcQR/mUgoy3rnUvc=,ko978U53yRzr89zab/5mnramso8=
-17,-77,8XsYkxwjtv+AcQR/mUgoy3rnUvc=,opv4YEd3mh1LrLGLXIlXa7jIjco=
-17,-78,8XsYkxwjtv+AcQR/mUgoy3rnUvc=,opv4YEd3mh1LrLGLXIlXa7jIjco=
-17,-74,8XsYkxwjtv+AcQR/mUgoy3rnUvc=,opv4YEd3mh1LrLGLXIlXa7jIjco=
-17,-79,8XsYkxwjtv+AcQR/mUgoy3rnUvc=,opv4YEd3mh1LrLGLXIlXa7jIjco=
-17,-73,8XsYkxwjtv+AcQR/mUgoy3rnUvc=,opv4YEd3mh1LrLGLXIlXa7jIjco=
-31,-80,8XsYkxwjtv+AcQR/mUgoy3rnUvc=,UNO2ue0+aSO5So1rOWusHTN+IKc=
-26,-80,8XsYkxwjtv+AcQR/mUgoy3rnUvc=,UNO2ue0+aSO5So1rOWusHTN+IKc=
-24,-80,8XsYkxwjtv+AcQR/mUgoy3rnUvc=,opv4YEd3mh1LrLGLXIlXa7jIjco=
-25,-80,8XsYkxwjtv+AcQR/mUgoy3rnUvc=,UNO2ue0+aSO5So1rOWusHTN+IKc=
-30,-80,8XsYkxwjtv+AcQR/mUgoy3rnUvc=,UNO2ue0+aSO5So1rOWusHTN+IKc=
-29,-80,8XsYkxwjtv+AcQR/mUgoy3rnUvc=,UNO2ue0+aSO5So1rOWusHTN+IKc=
-28,-80,8XsYkxwjtv+AcQR/mUgoy3rnUvc=,UNO2ue0+aSO5So1rOWusHTN+IKc=
-27,-80,8XsYkxwjtv+AcQR/mUgoy3rnUvc=,UNO2ue0+aSO5So1rOWusHTN+IKc=
-32,-80,8XsYkxwjtv+AcQR/mUgoy3rnUvc=,UNO2ue0+aSO5So1rOWusHTN+IKc=
-17,-80,8XsYkxwjtv+AcQR/mUgoy3rnUvc=,opv4YEd3mh1LrLGLXIlXa7jIjco=
-17,-65,8XsYkxwjtv+AcQR/mUgoy3rnUvc=,ko978U53yRzr89zab/5mnramso8=
